2148 3956 8474 5485 4751 8590 8080 7801 7161 7007 7209 9221 3978 7452 9653 9896 7542 5887 6359 7315 5556 9295 2659 7293 1242 1748 2650 7045 9620 6469 2145 5626 9425 9432 6248 2498 5086 6495 7180 8712 
2231 6669 2639 7040 4720 9373 2966 7917 7005 4819 3790 4585 4075 1077 3539 4223 7476 3825 6580 7907 3312 2687 2439 5850 3599 1504 9897 2999 6947 1497 8871 7241 8743 7619 5333 4846 5144 7488 7875 6806 
1218 4034 6801 3755 6836 8095 4223 5937 6449 9972 3689 2867 5458 6414 6994 9203 6515 4304 1386 3785 7667 5750 1471 9709 2697 8352 4881 4667 2205 4021 6413 4316 1798 7368 7876 2374 5193 9727 7535 7638 
7181 9294 3532 5936 4900 8083 2155 7015 6291 8901 4942 5102 8821 7712 3184 8091 2264 2990 6377 4985 9289 6664 8771 9456 3733 1704 8779 8990 3991 8265 5667 6401 4733 7883 9837 4020 6543 3139 8282 1458 
9277 2135 7448 1034 7681 9407 6241 7712 5896 9743 4384 3390 5339 1288 5080 5755 4195 2497 1746 6796 2068 9131 2149 4200 8557 5018 7226 4827 4639 5858 4280 3073 8205 5982 1527 3710 5711 6052 4980 1808 
9852 6510 2505 4559 2531 4049 4334 3430 2128 4843 4307 4859 7305 3698 5941 9410 4340 9222 4010 9686 9567 3831 4417 4591 6402 9066 6510 4862 6502 7634 7559 1213 5926 7901 4503 8669 2755 7978 6401 9120 
3910 4656 7706 9106 9973 4914 5086 3924 3399 2020 9199 7093 7391 1219 8976 8060 3693 1456 5652 7082 4227 8974 3855 7353 5774 5294 5077 9603 3380 4439 7206 5021 7177 1069 9862 6543 4160 2743 8471 9885 
5676 2353 8745 6658 4313 1222 9689 6010 9932 3296 6331 3789 7449 8086 4525 2650 4212 4065 6439 9980 9220 4970 1468 7413 2769 8837 1243 1173 1349 3369 7639 1738 1660 6529 5038 4032 3444 3697 1991 5154 
6022 6646 9691 4078 1586 1057 4370 6046 9217 5868 8812 6473 9670 5881 4024 6289 1598 2138 1179 2065 3854 7332 4769 2340 4628 4584 1096 6539 2444 2258 9148 2858 3081 1839 7279 8259 1630 4723 8672 1343 
7990 2072 6290 8741 3672 8010 4051 3704 3435 9279 3505 2584 5004 9393 4096 3639 4968 3949 1035 5803 2825 3982 8470 6373 5085 1131 1812 1887 9929 9603 2361 8468 6009 5559 6636 2113 9529 8980 6097 7451 
8607 4514 1831 9038 9568 5062 9143 9786 8287 6206 9209 1899 3856 8657 9828 4854 4571 8539 2667 8222 2092 8525 8290 3720 2663 6709 3719 8243 9280 1901 5964 3766 1115 4593 2008 7003 6947 3240 2119 5323 
6055 1629 7964 4851 7524 9038 9923 1430 4328 8870 5866 9473 2659 7482 5927 4698 6054 5347 8928 3235 9147 8743 6960 1435 8680 8219 8498 2385 9357 5108 9274 8160 9104 8787 7789 8760 5838 5274 1072 5834 
3393 4271 2370 7531 2024 6202 5995 2959 6877 7207 3242 2505 1394 2139 9757 8252 9496 6427 9412 7863 4201 4566 6076 9602 8490 5212 7765 4533 2720 3315 8125 9902 4162 3425 3578 6520 3090 1702 8343 4930 
5652 3654 2454 9385 1100 3635 5448 5209 8197 2442 2059 4402 3487 1389 6142 9089 5324 5502 1153 4658 7562 6497 5028 2853 5691 6316 6740 6774 3371 8123 4590 9367 1628 5336 9759 3943 6825 4552 3810 5025 
6764 5089 9501 8380 1531 5919 5111 6426 6092 1542 6949 8980 3613 1763 4688 5980 8623 9762 2658 9599 8736 1572 6434 5383 3434 2847 7260 4778 1553 1228 8940 4710 8894 8838 3591 6688 6866 2691 1531 9351 
8631 8023 8051 7597 3989 4706 9210 7302 7954 5083 8223 4954 6476 9286 4120 3026 8616 5004 9922 2741 5179 5536 5781 3356 5350 6643 1082 1424 2730 2788 4367 6817 9866 7539 7140 1268 9525 4019 4633 6996 
5104 1324 9221 1919 3310 9517 7020 3122 7637 8150 7331 8191 2810 4873 9229 8535 7369 3047 8896 1414 4032 1410 6385 9368 8794 1416 2096 8177 6488 4940 8449 4819 5847 4696 5644 1210 3635 2306 6426 8735 
3305 8059 5384 6731 7988 9224 7865 2613 5867 5635 4628 7772 9650 6778 4797 3811 6037 2467 9549 8390 8512 3346 3497 8472 2819 3003 2650 4999 1047 2228 4557 1173 3439 5708 2777 6775 9150 5215 3072 6114 
3467 4279 3142 9345 8381 1966 2031 6228 6001 6372 3419 5311 4658 3240 9896 3443 7144 6859 9095 8190 5699 5149 9598 1395 7311 4116 3613 7481 5965 3951 2292 3039 4236 4186 4441 4854 7407 2202 4441 3285 
6689 4107 7130 7190 7468 6223 1706 7379 6695 7664 5357 8085 9214 8432 4500 8174 3389 7158 2937 3414 5591 6976 1520 4405 3696 6308 9902 8406 8494 3195 5547 5085 6424 9540 7100 1740 5833 1163 7876 4597 
6357 8550 9530 5102 8107 3821 9413 3362 4132 4913 6481 6960 6759 8527 7916 4775 8582 5181 8766 2527 6617 4449 8536 7838 7947 6792 2923 7427 8504 6045 5511 9414 7260 5717 8678 5541 6592 5341 8365 9816 
3258 4839 1847 3558 5859 8964 9302 5724 1788 4841 8079 2604 8576 1653 2928 3187 7442 7927 6492 5629 3061 2263 3221 6068 8106 3522 3162 8406 5124 1441 5486 3751 5357 2682 4462 8712 7672 6795 4362 4633 
6255 7489 8271 6864 5097 7739 1135 4899 4853 1877 2130 5698 1944 5374 4167 2990 3598 2992 5826 2604 6458 3647 1199 4327 8885 3872 1106 2401 2336 7366 2693 7084 1291 6321 1604 6615 7979 4231 5354 5583 
2564 1693 9458 8437 9074 7014 5157 2094 7677 2198 3796 5404 8025 6130 6417 6981 1139 8752 2471 1317 6746 8615 8393 1380 3814 7982 9683 3218 8108 1076 3303 2744 9608 9966 6389 7246 8884 5762 1235 5091 
9639 2830 2196 9464 6360 2442 2165 2647 2752 3106 9015 4648 3067 1365 5514 8975 6518 7520 2527 2615 5702 5180 7859 9933 4511 1624 7593 6965 8192 2305 6481 8123 9132 4455 4544 2720 2443 1601 3523 4464 
9809 7162 2661 9276 8913 7847 8068 5366 7162 9548 1097 3902 4454 8303 3587 7391 2822 3208 6996 9854 1666 2155 2341 8591 8271 3115 7097 9960 7675 7324 3618 9375 1543 3685 7108 3627 7858 3646 9555 3709 
6200 4664 8238 1050 4789 6029 9773 8349 1794 5866 4259 8533 8720 1562 1234 7644 4424 1031 4475 1066 5352 1195 4614 3693 8384 4193 3966 3730 7103 5713 8879 9851 7514 5493 6109 1787 4216 3914 3243 2812 
9922 4115 2390 7697 1885 3895 4484 8341 2503 1697 8416 3903 2858 1699 4753 1788 7615 3640 3332 1611 9148 8388 6105 8763 9835 8142 6241 3902 4951 6026 1416 7298 7165 6970 4250 8379 2941 3702 2283 4231 
4492 6021 9157 4028 2066 8289 2416 2864 2017 2287 1945 5995 1710 5971 9706 2002 9364 1262 7325 9208 5799 3496 4356 8247 5860 8230 2078 8319 5242 1388 4773 9257 6513 1441 3045 8943 8384 2716 4452 2779 
1177 2916 1293 5178 1941 5339 6772 3478 5800 2931 1149 3640 8156 1233 8351 9564 1426 1742 3359 9416 6794 9033 9139 6534 4864 3533 7475 8483 2318 8251 9074 1149 5849 4336 8860 6934 4755 9747 5411 6830 
3563 3122 3246 7649 3700 8715 6106 5107 8558 3624 1175 7189 8984 9736 4732 7632 9961 4990 2786 8716 7974 8725 5092 4869 7811 9110 7247 5563 2466 2954 1832 8235 5613 6973 7540 8878 4915 6860 2911 3912 
8915 9582 2015 2669 5639 2660 3879 2816 6581 9403 1163 3923 8640 3046 2221 7965 3492 5379 5817 7423 7369 2588 2551 9123 5368 6772 9463 6044 3856 8527 4896 6669 7876 5016 9732 1524 1255 3042 1147 9549 
6986 3063 6439 3209 9838 5210 8562 3089 1392 2553 4283 3055 1089 8630 2744 3461 6231 4150 8956 5478 5571 3370 2350 5219 7854 7831 5193 7698 2581 5875 5121 9170 6351 8907 1969 4305 9384 6399 7789 9412 
2505 3896 9892 2978 9163 7048 3628 3994 2599 7078 4030 2225 7583 9218 4376 6121 6714 5906 5976 4369 4787 2867 9402 9773 6789 4638 8314 8990 7292 5871 7101 8945 5527 4546 1820 6912 2838 4572 8118 7796 
9796 4852 5472 2175 9264 6054 9373 1729 1538 2676 7880 3944 5601 4281 6307 8141 3692 5569 1733 5142 1638 5936 5877 1554 8742 4797 8876 3523 9568 5222 4493 9315 1322 7660 7542 1542 9180 9918 8113 2821 
7609 8655 8477 2205 7359 5416 3848 6412 5533 5430 4277 2875 2107 1999 7795 3850 8224 5925 2885 1895 6752 4013 8189 4895 1190 5022 6082 2629 1816 9486 8249 2131 6202 3458 3827 7611 3782 8942 5563 3092 
5949 4476 5563 1230 8237 6264 1945 6635 4903 3657 8387 6561 7958 8093 1372 9129 4402 7947 8663 2189 3276 3047 9372 5532 7043 5494 3057 4503 5201 6697 7921 5865 1600 2501 3796 9864 2889 8615 4875 7755 
2889 8304 5345 3866 1884 2281 8286 9960 6991 2906 1330 8430 6095 7282 9596 4596 5037 6195 5950 4907 4238 7721 1064 7587 7406 7756 7358 4031 5564 7324 2736 1628 9913 7973 6612 9478 2768 9094 2308 4693 
1128 1718 9248 4982 3716 4507 5982 3344 7676 4711 9390 9455 7409 9628 6652 2552 6350 3363 9544 4372 3187 5942 4238 5003 4082 4108 4264 2740 9366 9342 1556 6430 2554 4142 9265 1559 8106 4049 9639 1970 
4230 5752 3522 9820 2399 6179 7771 3564 3257 6343 1367 2568 2513 1207 7942 6581 2525 4517 8462 2047 3872 7262 7970 5604 4595 6657 1090 1640 8616 8950 4079 8343 2904 5810 5783 3418 3138 7681 8665 4561 
9694 3763 2466 7274 7171 1916 7145 1013 4136 5253 2896 4226 3275 5711 6032 8650 2068 6385 2457 1224 6841 4529 4801 1263 2136 6566 3075 8475 8446 6797 1665 9746 1575 2584 6773 4061 5553 1644 1585 3797 
2388 3044 9492 7100 9998 9169 7757 7231 3445 6058 3602 7889 9081 5538 9034 4214 2094 2801 8053 3424 5076 8993 3871 1873 6244 1206 8371 6477 4754 4870 7526 9314 2984 2940 9819 4310 2285 8621 6148 6425 
7117 4361 6018 4582 2766 8034 3404 9500 1999 7839 1618 4624 7085 3306 5707 8952 2642 4017 8047 8078 1428 1589 2885 7425 5402 2433 8859 9748 7952 6255 9873 3037 2312 1826 1606 6837 3923 3605 1948 7479 
1151 2603 7889 6247 6717 1207 1083 8243 6338 2047 5121 7074 8023 7651 5022 1008 2314 5346 8088 4860 6814 8346 9720 7637 9821 7804 3144 5730 9379 7511 6471 6978 1881 6723 7999 1399 8018 8855 4073 8502 
9287 9433 8533 4341 7878 5298 3021 2830 7577 9190 8128 8927 7939 2092 6508 8693 6868 2842 3425 4410 9653 9830 9586 9569 4604 6238 2926 9343 4485 4298 6049 7358 6949 3785 9905 7125 7445 9946 7142 3412 
4606 9229 3404 6099 2385 4549 6823 2741 1969 4064 6540 5801 6408 9106 2391 1527 1829 1091 8000 1538 6342 6107 1544 9554 4319 5300 4991 7792 1576 3332 1731 7106 6592 4687 2299 6548 3462 1980 2340 8723 
2923 9072 1555 8350 5707 1506 2367 2693 3432 1788 6665 9591 7036 6444 5533 2451 4833 5738 2273 4962 8387 6785 9633 6094 9301 5852 5891 8354 8313 9826 5657 9635 7704 8659 9288 3615 7206 7397 7545 4847 
2210 7212 6038 1086 4936 8247 6394 1939 9042 2215 3707 3423 6655 4629 3296 6649 6027 1839 7225 8458 8444 2797 1797 3775 6372 5758 5163 4106 8752 6012 2897 4135 4424 2791 7808 3477 6605 3442 5204 1702 
2356 8361 8957 7098 7487 6675 7539 5117 1957 9781 1527 9675 3821 5716 8626 6967 6672 6847 1496 9998 9840 6568 2558 2548 5932 9375 1917 4813 7351 4989 9246 3749 6889 6474 9789 3371 1615 6672 3752 9972 
7949 6414 7542 5960 6537 6921 1733 8289 4724 5295 9375 4920 1593 4873 9273 3209 1243 7801 2611 4594 9585 7688 8132 2527 5743 9398 5642 9316 8776 3650 6861 8572 2273 5089 9919 9748 4287 6380 2000 8433 
4148 6248 8934 5521 5493 3478 4882 1446 1405 7488 2708 1051 9810 2020 5025 6156 9354 4661 6642 5741 3130 7955 7658 1165 7603 2414 5977 7120 5600 3772 4599 6207 9872 6907 3491 9932 3525 3940 1299 2929 
1845 5650 5632 3679 6556 9629 2428 4831 6338 4913 1915 8063 3592 2883 5042 8529 3608 4593 2895 2894 2204 9709 9806 9386 9604 8947 3697 8108 8107 5344 9788 6135 7528 1112 2866 8297 5056 9180 1755 3180 
4283 6112 7001 4040 5994 7929 4925 8254 9088 5672 1761 1934 9053 9329 9970 1165 2622 7550 4957 9121 3173 1913 4505 4813 3988 9838 7107 5060 9223 6734 5374 6975 9915 5012 4213 5239 8776 5958 4936 9342 
4227 8352 3931 6871 5658 1659 6788 7497 6771 4421 5918 6590 3781 2454 9402 1602 6889 4041 7768 9299 7509 3002 5704 4723 8938 2186 5757 2336 6199 5930 7954 9080 5283 3218 8178 8001 3767 3744 8264 5369 
1725 1393 2772 1687 4865 2500 2547 9113 7803 9453 4116 5069 4773 7364 3732 3470 2781 7351 7455 5214 4654 6365 5071 8864 7011 9679 5620 6254 3847 7385 5119 2441 4651 8952 5384 5293 8708 2359 3782 8291 
5317 5573 6136 4768 9848 7357 6015 7947 4655 2827 2267 7603 9428 3960 9618 8753 7427 9097 5630 5530 8317 2804 8620 1143 5163 9061 7686 8706 9707 7767 1023 8791 7038 9184 2078 3546 9803 9322 1372 7027 
8817 4848 5892 7840 3631 1032 8316 9596 5390 5822 2450 2125 1273 9400 2601 8042 9162 6323 5444 3619 2430 7478 2925 6089 8786 4666 8361 8686 9143 4951 3310 6196 4265 5610 1812 7951 2864 6965 8410 5788 
2685 9129 5735 7586 4659 4483 7431 5507 9973 8599 9641 7042 3542 2164 2814 1847 9012 5606 1829 6694 5866 7550 7903 7648 6617 7932 1578 6310 9649 2453 6241 7459 8392 8627 4027 6929 4006 5559 6497 4125 
2520 3808 5768 9635 7855 1659 4367 7417 4362 9071 7759 1283 2870 6630 8364 5425 3194 2558 9639 6241 9940 6051 3420 1152 1254 6089 8445 6042 7170 5581 6973 2616 3323 7390 6476 5174 9354 1272 2046 6969 
7857 9855 6642 7643 9414 3835 6678 8808 2496 1846 9924 5634 9706 5676 6949 4325 2776 2103 1422 3915 9290 6995 2365 8296 2352 8542 4981 9800 8081 9739 7369 5085 4869 9741 4858 8136 1519 9084 1594 8800 
7719 6610 3583 9379 7402 2965 2604 6805 3375 4760 5136 1931 4999 8532 3667 8227 3824 4726 2694 6308 7398 5784 6577 2901 1272 2068 9414 3318 6457 6129 4596 6782 1508 5220 1143 5302 5025 2259 4007 4954 
6171 7950 5274 6260 1723 8783 6171 1698 7286 9871 4946 5992 9003 6972 7225 5782 6780 9702 9304 6416 6065 6218 8570 9884 7015 9148 7280 8138 7597 8748 4153 6417 5719 7856 8461 8232 2116 2945 5115 2702 
3262 8978 7446 4402 7694 4026 3621 1987 2352 7959 8053 1559 1633 9537 3924 4904 2754 4296 6558 4873 4517 4093 3313 5095 2038 9884 4509 9118 4137 7908 6453 6096 1643 9755 1843 7179 4828 4696 8238 7855 
7513 3598 5603 4069 9470 7293 4034 7452 1454 3209 2984 2651 3796 5604 3510 9869 4286 9315 1105 8186 1325 9248 9088 2657 2797 6927 7302 1082 6230 6457 3672 9399 8159 7107 2930 6727 7579 9523 2410 4687 
8384 1003 9395 5093 1302 9379 2983 3898 5050 2916 1924 2797 4205 8368 8518 9562 6499 3444 6686 1868 9584 3660 4161 3229 1729 8257 8397 2920 2397 7442 7201 7396 9241 3790 9437 3425 4695 2880 6334 9823 
3823 8787 8655 7622 2796 8993 2385 8721 7948 5442 1449 7300 6054 8479 4074 3869 4136 5555 8015 6222 7675 1636 7302 5799 2779 7683 8592 7030 6304 4008 6720 8301 5560 8567 2552 7968 4929 1949 7529 7868 
3109 2343 5108 2615 6440 2413 9878 4788 3134 5297 9892 3785 4635 4614 8826 5875 7994 7307 3524 7523 8046 8439 6445 2292 8509 6898 8736 8413 9969 8272 6954 6923 3916 6934 2605 6931 7825 7276 8974 6803 
4417 6315 4063 5239 7984 3550 5029 3720 6506 7674 5414 5548 2608 3698 5376 3848 5154 3852 9416 2436 9907 9248 3311 6435 4473 8812 4598 9373 3951 3183 7216 2351 6897 8613 1252 9173 7860 2029 9525 9554 
8759 4409 2606 4313 9031 7258 8828 5546 4756 6987 1128 8868 2959 6070 6462 3928 3691 2347 7915 4129 2342 3829 8169 5566 6867 6734 9701 7263 9356 7455 4535 9316 6148 8331 3640 9723 6958 2804 2152 8018 
6583 6859 7824 8624 6330 9994 1560 6043 3736 5123 2605 6397 8876 2341 3384 8599 7623 8807 8079 9322 3801 4030 7690 7721 4301 5444 4848 6787 1997 6608 5770 5592 1554 9750 9794 7929 1848 4421 8162 5218 
8627 7583 2114 6815 4186 5111 8241 7696 3564 5626 3406 9260 8370 1874 2775 7336 9416 8297 5984 5021 4790 3072 7947 6738 4115 3929 5856 4306 5933 5557 5790 5337 6366 7099 1155 8950 1807 7314 5792 6460 
7726 4261 6260 7423 5080 9974 5257 1662 7473 3864 8399 8182 4836 9356 7894 7667 6819 7256 4791 1297 6131 7827 2003 5153 9695 7025 8924 2581 4202 4735 1362 9430 6172 1660 3135 5878 6436 4513 9100 1964 
1869 6317 2314 9199 4747 6191 7175 7352 3671 3267 7323 7323 9576 6896 4778 2211 1910 3261 5413 8328 3998 4862 8541 6715 9216 7715 1008 1219 5008 8458 9288 3627 9389 1830 9105 7371 7574 2949 9923 4952 
9823 2529 7882 2165 3128 3624 9101 2982 6204 2452 1522 7873 7248 6771 9688 6425 7401 8481 2651 9681 4534 8137 4504 6097 5478 4495 7776 4284 4410 7895 4265 7422 5616 5821 5865 7882 3305 4558 9684 9544 
5014 3305 2952 7796 3197 4734 1252 1443 3320 4435 6486 3078 9660 2598 9129 5010 8294 2014 7730 8812 8783 8362 8144 2838 2969 5519 7309 4259 6569 2076 2364 6554 1330 9781 4725 6129 4147 9023 5186 5327 
6584 6215 4860 6395 1311 4056 7387 4731 1432 9074 1491 8394 5644 6744 7945 4062 9471 8742 6522 7947 2073 6645 7140 3604 5425 9592 3445 9522 5418 4542 9374 2282 8494 1529 9763 1025 7619 4711 3191 3246 
5818 8308 7623 1520 6714 6749 6116 9966 2235 3533 3493 7708 6595 4074 9115 3110 6108 7761 8849 8284 7317 9244 2523 8880 9395 1070 4516 8218 9129 2520 6636 7236 1692 9069 5184 7615 1801 5320 3894 2787 
7563 3717 8643 2196 4832 2050 6426 7884 2318 4172 5008 9662 5146 8199 8890 1906 4788 2640 5176 9309 6206 7014 1452 3189 6479 4386 5002 9064 6507 1287 3287 2467 5263 2024 6559 7870 3693 2310 6306 2295 
5104 6944 2074 5007 1477 3620 8153 7103 2798 7778 7426 7286 8317 2390 2591 2962 6991 9779 1229 7322 9028 9746 1421 7217 1173 2002 8101 3871 5684 4818 6707 5189 3324 5756 9294 4272 4867 1940 5932 7093 
9055 9742 9067 8840 9222 8571 2095 8896 1420 5043 2485 9533 5179 6708 6733 3718 5456 5507 3620 5506 8429 4472 2268 2878 5331 6522 6154 7501 4961 8123 8557 9422 7411 4607 2365 9981 2441 4740 3231 5140 
7423 9341 5500 6274 9628 5239 5447 8357 2697 4198 5285 4527 3216 6878 4798 1197 1777 2136 8961 2316 7413 7696 4012 4310 6950 2234 6175 3286 9278 5627 8915 8514 9629 3269 6307 3359 1246 1637 1515 8443 
4004 3905 7960 5019 7246 8349 7705 5144 3644 9204 1497 7379 2346 8980 1665 4758 2512 3308 3980 7992 7753 1918 7949 3291 6180 5413 9025 5618 5484 3242 9919 7478 7168 7510 4168 6944 2035 1615 2196 5555 
3869 3583 2295 6816 5034 6892 2939 3835 8560 1492 2839 8998 9303 2232 7358 8299 7752 6184 1274 8664 4500 7644 9741 1100 3943 1891 4944 2875 4244 5326 1861 5006 6230 3386 7292 8901 8425 8437 7508 8659 
9667 4826 3281 9918 2769 4769 3693 6469 6149 1543 7422 7843 7321 9353 8215 4385 5632 4529 1964 7892 9375 6465 7103 1988 9410 5884 5552 6688 4956 2581 1385 3695 5862 1118 9444 3933 1809 8624 5065 1439 
5868 8363 1371 2931 7024 1592 5387 8134 9556 9040 2275 3787 7180 5292 1656 3455 7693 1081 4905 5763 4946 8803 3638 9074 5896 3148 3362 7265 7242 1371 7371 2944 2954 6042 6148 3684 9552 6826 5663 5343 
5850 8407 3807 5499 8391 4198 1651 1462 8486 6627 3519 7568 1117 1041 5332 8607 7354 4610 2773 6783 4745 5260 3241 3908 7888 9543 6956 4949 6328 3613 6277 2135 7674 7469 6134 3456 4714 6058 1923 6775 
9383 9901 5751 2524 8409 4852 3202 4547 8665 3935 6911 3634 1559 9362 9406 8018 5510 7526 4512 5937 3132 7045 2134 2446 6800 6396 2077 2549 8431 3866 8047 2452 1228 4139 9659 5588 2183 8086 6960 3353 
6797 4957 9516 8198 7848 3102 9535 5835 8814 4299 6091 4910 7980 9858 9413 3435 6229 8012 6646 1366 6553 8180 9918 1559 1129 6644 1069 6507 2126 1641 5888 1512 8727 1718 9378 6406 2498 8126 6586 8501 
9674 7923 7578 8305 2216 4838 8527 5883 3643 4651 7680 5640 9783 2909 7283 7571 9092 7184 8290 4851 2151 4764 7004 7535 7536 1728 4234 4698 6030 2970 6067 5664 9858 2334 5072 3409 1722 2685 6249 4411 
5128 1960 3385 5018 7869 1741 3865 2261 5301 9701 5007 4472 5344 3764 7334 6736 9382 5296 4823 9160 5980 4740 1737 8399 3725 8279 5954 2199 2552 2124 7779 6892 3079 2687 8423 4449 1440 6783 1812 6698 
2609 3734 2113 5420 2427 7631 7689 8297 8453 3439 5911 4208 6416 8265 3276 5894 1735 3607 1395 1392 8997 5893 6490 4541 3384 1668 7685 2477 8013 6300 5651 1362 9948 7848 9236 3140 1695 7180 1617 7190 
8443 7624 3059 2807 7813 3113 2514 2829 1667 8382 8551 4907 3785 1323 7466 9880 9657 2969 8688 9094 1139 3220 9425 7219 5291 3758 1567 7171 3571 8262 6840 6185 1257 8622 2628 4635 9813 3336 4048 8033 
9389 8068 9861 2527 2757 5182 9956 7103 7708 4159 2404 7692 5542 1352 6534 8657 7485 5028 7633 1346 6155 4694 8560 4247 1468 2334 4147 3645 3187 4968 3002 9081 8843 9733 1941 8800 4387 6775 4200 4259 
8382 4796 9958 1728 2764 1653 8704 9432 7101 7999 4235 2815 1902 9011 1658 7733 6096 4278 3534 1128 6804 5350 9438 3969 3725 8958 2337 4851 8832 4606 3619 5475 5396 3997 2422 4951 5879 9806 9867 6418 
2526 6266 2508 9079 1695 5573 1432 8501 8635 1468 5692 8094 4784 1256 1986 4507 7381 9560 9697 6490 4243 2949 5342 3571 8604 3785 6958 6028 5854 3150 8543 6744 6420 6839 4386 3795 9033 6557 2677 7237 
8082 7100 7906 3474 1877 6840 7861 4968 8426 2561 1202 2681 4020 5185 9449 4092 4021 4607 4905 9986 6436 3964 8702 5836 3361 9822 2979 4483 1911 5014 4936 4507 9821 8030 7832 6857 4109 8421 7096 3780 
1278 1042 8400 1387 3313 7143 7775 7276 5113 2739 4483 2529 5011 7087 9796 4076 7947 3214 3328 3895 9979 9828 9807 5686 7465 7672 7627 3881 4401 3952 5824 4593 2881 8836 5522 5259 5004 4721 7904 7778 
2843 3955 2194 2098 7385 6983 2098 4317 7145 1703 8308 2946 7568 8922 6649 8398 3026 7638 2686 4312 5711 1122 4224 6069 7935 4806 9230 9206 2791 4092 2743 6744 2708 2454 9500 9316 7022 5050 3336 7778 
6782 9170 9527 1600 8671 4094 8071 5227 6279 9835 1816 4007 7877 3922 7469 7979 8059 9246 7301 7528 2519 2693 2434 7086 3820 7011 5628 7344 6400 1074 3779 3672 7915 3417 6101 7141 3940 8144 5317 4793 
4642 6933 8741 1774 9365 4689 9221 6429 2037 5095 4488 3205 2838 3211 5974 7628 7956 7241 7879 9965 7351 3897 8827 9581 6276 6637 8761 5146 1701 9072 6127 3985 3542 7076 7536 1509 6292 4652 7771 4312 
