60 100

1823 8557 4147 1734 4773 8287 6194 8581 7100 5460 1671 9522 3789 6722 6499 5282 6649 3685 2628 8317 7390 7178 9979 9965 2441 8599 4553 5359 2387 7852 4708 4734 1980 9689 1437 4930 1409 9947 1184 3853 5654 8061 6396 2933 9337 5860 9826 2381 4993 4845 9401 5648 3888 9154 1250 8562 4613 1647 2170 9636 6557 6410 1881 4207 3620 6342 2154 9559 1865 7031 9151 9678 4496 9136 2279 5798 3861 7536 7271 5128 4210 3498 9302 5457 5387 6578 2617 6935 6372 5051 3190 7805 6561 5051 8690 7527 6119 7813 6745 2862 
5257 4712 8658 7041 8190 9675 3006 8330 2807 4046 4523 5822 8046 7650 8443 5037 4696 8257 4926 7785 6498 3938 2234 4515 3347 1276 3236 9315 3539 5195 4666 4887 4830 5735 7741 3292 4350 1061 4985 6130 5324 2156 9520 3224 9319 9937 2833 7639 7563 1222 8492 1493 7484 6174 5476 5966 3745 5433 4162 6818 5453 9805 1221 3961 8290 8047 8187 4508 5408 4684 4400 1193 8828 4902 5327 4462 2840 5333 1591 7625 4894 9789 5120 7063 8748 6714 9167 2423 9011 5225 1674 9646 2914 4067 6589 4812 1026 9622 2444 5447 
3186 3208 7459 8902 8897 5463 4831 2892 6683 6821 4269 4001 7914 5059 9758 8081 4010 7346 6414 9341 2608 9956 5442 6991 9405 2184 8776 8360 6592 3802 7181 3821 5511 6659 3325 1645 3131 7985 9521 8996 3881 1425 7887 2142 7656 5364 8300 3482 3999 7356 4581 8866 1044 3721 9393 4891 7658 1270 1070 8896 2793 7763 7300 9598 6157 2905 6335 1977 2994 9718 4326 1195 6231 8855 7826 8881 7452 2062 5604 9616 4580 3769 9555 2879 4871 8419 7435 2726 6471 4748 8923 2816 1543 8497 9639 7143 5428 2749 4032 3760 
4402 5614 6898 2370 4523 4079 7216 1105 8833 5743 2229 7452 4779 6694 1579 1253 8429 6965 9554 8621 9163 3801 1141 6150 7489 9259 6259 7455 8493 2920 7241 7223 7873 1687 4305 2805 6314 8917 1314 4502 6121 5761 9176 8710 6424 3464 1423 3677 3074 7313 9271 5980 2729 5075 9172 8267 9625 8843 3445 5595 1711 9486 1642 6590 9943 3484 3943 7473 2394 5357 2636 6219 7938 9808 8601 1080 1124 6340 8042 6649 4008 6286 5288 3245 8297 9202 2400 7104 1808 5577 7702 9385 4552 9944 8257 6366 4591 8497 9446 4645 
6338 8860 5834 2312 4270 9775 1240 6110 7862 4970 3163 7160 6899 2364 6795 3929 2096 3850 3314 4882 7902 3069 9212 1198 8124 4732 2971 1391 7044 7272 2817 6422 4951 8273 3217 5114 10000 2711 1617 3634 9015 9787 7453 6894 5710 5059 2507 1283 2650 6552 7850 4151 8169 6499 4838 4506 5076 6152 9486 3187 8643 6557 2287 6301 4304 2074 2556 3294 2929 8975 5607 4651 4789 8760 3823 6034 1236 3220 3712 1780 4725 4109 8794 5150 6709 4119 7087 5848 1897 9482 5848 5538 1901 7849 3583 2174 8532 7330 9589 1961 
5945 6288 2792 8122 4627 6637 7608 5521 5475 1780 3864 7141 2388 5614 3792 6424 9707 5967 9698 3528 8211 1698 1943 8402 4886 7955 8596 6533 1033 6898 6733 8766 3658 2577 5681 2041 2158 3239 7289 7930 9157 1355 9284 3535 1305 4099 1785 5224 1391 9438 8743 6922 4719 2905 4592 5172 1998 1078 6831 4363 5462 3542 1970 4551 3765 6453 5729 3023 5392 1779 6925 1744 6009 8027 3955 4057 4221 2255 2287 4203 3751 2955 2652 7411 2294 5381 9705 9090 5130 5133 3749 9839 3712 4258 1104 8033 5064 8114 8688 2695 
1871 7611 2950 6491 8717 6629 1374 9726 6144 2925 7066 7081 7152 3215 8606 4568 9808 6490 8140 2331 7669 5256 5995 8588 7350 6102 1445 8418 4417 8426 5876 4727 5495 5295 9195 8870 8206 7601 2923 6439 4321 5275 5957 6933 2306 9938 3981 1097 2794 3329 5251 4776 7952 5122 3297 9453 4874 4399 2542 7212 3144 4091 9624 1650 1855 5039 5347 9644 3877 3615 1269 3749 6443 2523 9518 6996 6809 4028 2022 7335 3315 8090 2673 8041 8382 8564 9285 1609 4815 9019 6900 3783 1799 9396 3812 3514 2004 8787 8693 8004 
8313 8240 5666 7947 2902 9659 3867 4727 2269 7846 9085 8047 7955 3595 6563 5726 8640 8803 3867 3567 4241 3846 8163 7764 5638 6200 8530 9250 2967 3939 9368 6290 2797 2374 7586 6480 1141 9053 9429 6420 6835 5794 4937 3067 3080 4887 1894 1269 4751 1476 4200 3308 6874 7816 3583 7900 7753 9940 1793 9759 5663 7826 3477 4017 4780 1091 3258 3425 9476 4039 5870 7557 4624 6153 5204 2394 6583 3596 8966 8199 9227 2971 9180 7048 8408 4086 8884 7856 5059 3742 1879 8071 1682 9346 1210 8987 2886 6018 5169 6476 
5605 6775 4869 2027 8018 6137 7598 4294 3504 9788 8991 1355 2516 6012 1185 5769 8887 1616 3187 2377 8483 5975 8006 1261 3153 6196 3811 4918 1449 1087 8833 4224 8207 7785 8169 4976 2408 6817 3690 5547 2171 7816 9995 4104 6286 9458 7019 7933 9307 4289 4985 2227 7875 2978 9191 3641 5707 7524 5683 5024 4195 6085 9121 1730 3688 1297 3070 7310 2742 8306 1446 6721 3885 6389 8977 7626 2803 3114 8415 4843 5095 3290 4067 8289 5272 6138 1570 7952 5203 2744 3478 6845 8081 2207 1038 4302 1996 2425 1430 5757 
3169 3449 3890 4538 6714 1986 9472 4494 4297 3918 7327 5632 7082 3414 8677 3953 2080 7586 3492 6446 2792 3466 2000 2263 8141 9472 6989 7192 3167 2573 5603 1949 3073 2524 9010 1257 9221 2455 1622 9613 4787 5256 2618 7945 8094 7029 3850 1376 1323 8897 4439 5060 9904 4401 1366 4818 3150 3221 3785 5574 5433 1589 7048 9692 9337 2739 9247 2212 9027 9331 3597 8274 2810 3797 3514 9875 3334 2314 4035 3493 9057 9818 5110 9579 1647 9433 4691 3181 9933 4648 9646 9813 2887 8394 9043 6633 7141 4967 1350 8517 
8985 2332 8569 4872 7384 8381 1374 2417 8345 8429 6703 2006 1032 2150 4226 2032 6957 7879 7889 1480 6063 1864 3027 2503 7036 7548 7840 8332 5019 6899 9073 7227 2789 9731 7484 4091 3391 1415 1229 6508 8206 6257 3079 7259 8507 2248 6665 7777 6943 1411 6218 2155 7746 2954 4838 3417 9701 1979 8124 4364 7747 2325 9254 9882 7405 2997 9602 8562 2002 2505 9731 6953 1569 1380 1464 4871 3050 7304 7649 3766 8844 3026 3743 3806 9383 3720 8334 2853 7244 8680 2767 8398 5459 7633 4208 1843 5134 5537 8507 1068 
9671 9766 9096 7269 3414 9679 3431 6846 7492 9209 1531 7476 7475 6552 9023 6534 5098 2529 3217 3331 6855 6977 8152 7976 7323 9432 1807 9487 6843 1789 8147 9868 8297 1558 1747 9568 7440 5682 4113 4962 3642 1178 8930 3317 7250 9129 9824 3325 6445 5124 2840 9012 5433 8201 1931 3570 5341 1533 2925 4640 6951 6106 1320 5186 7269 9470 7938 4920 2887 9191 2809 4366 9531 3158 7786 9038 4174 7504 4040 9509 3241 5983 1352 4307 4618 8969 8306 4895 4970 4016 4129 5606 3659 3895 4728 2968 1812 3805 7715 4393 
6086 7022 6237 2638 2370 8709 2517 7219 7720 2276 6331 1920 1245 6982 5407 7125 1065 4488 9566 1945 7321 1023 8138 4160 6271 4751 3623 7624 8380 1906 9426 6067 9431 9474 9310 4127 1183 4383 6799 5803 8262 9047 7340 9034 7946 5359 8039 4062 9970 1815 2985 6742 9032 7134 1532 4851 4082 3165 1873 6167 9313 5349 5740 4420 6918 4564 6353 8453 5713 1325 6171 9397 8604 9516 7153 7383 6451 8188 8013 4304 4983 2077 6384 4405 9254 6240 7095 8171 4150 7328 4284 9099 4093 3852 7538 1772 4416 3072 6470 2876 
1229 8413 3336 5853 8155 5720 1143 9191 5951 7307 3192 1437 6239 3507 7538 8177 3077 4080 8165 2543 7387 4146 3001 4328 8244 1439 1672 8337 9518 2624 5474 3697 4291 6422 5652 2653 2285 2924 3074 8345 6706 4964 3453 9104 6266 5122 6854 6124 7816 7744 6542 9122 7030 5790 3414 5766 6588 2177 8545 9394 4565 6673 1009 4709 9046 6517 1631 3040 6802 3730 2845 2857 1927 1604 6957 6828 4672 5817 4879 3755 5000 5080 8718 5895 2822 3738 1436 4850 6633 1559 1953 3016 1980 7052 2023 6428 5406 7427 7644 9625 
7471 7760 1459 1607 4302 3225 8594 5146 7859 5331 8664 3215 6464 3085 7234 3610 1893 9741 6370 1951 9486 2293 9419 9940 3152 6002 6280 2789 4641 9006 8443 9973 9405 4636 6377 9808 1653 3602 5555 9826 3251 1176 2642 8875 1802 7535 4429 9081 2465 5299 4221 6080 7092 8895 1488 5645 2122 7469 6484 1047 3775 6417 5205 3920 7492 8987 2978 5664 5011 7135 6181 7966 3726 8477 7872 6565 4728 1779 3503 9171 1680 8063 2912 5425 6922 2920 1691 2292 8938 6303 5495 8290 3997 6821 9689 2272 1174 8781 9760 2824 
6071 7013 9497 2645 1681 1211 5829 1582 6371 3913 2371 1899 7733 4819 5663 2873 7087 9106 6438 7676 5958 1754 3814 1932 9400 3862 2437 2977 1616 8596 8460 4796 9112 1686 6030 9116 7044 4842 4517 7593 1723 3708 9722 5023 7610 1273 6047 6148 2486 4889 3945 6307 6646 9874 9553 6227 2912 1992 9796 8767 4304 3653 4041 4042 4973 4249 2252 2998 8999 3387 5759 6129 5348 5335 4041 7792 4526 6539 3815 1507 7452 5548 9698 6313 5150 6994 7332 8335 7393 7330 4096 6573 4846 5026 9296 1048 7544 8883 1314 3398 
2625 5401 3860 2741 4745 2997 9179 2180 5377 6689 3917 1984 9938 4440 5514 8633 3645 2620 5615 7240 3051 6753 4074 2738 8510 3606 9737 5368 8787 5573 2648 7204 8126 8699 2312 1710 1582 9825 1873 6329 6524 4001 4087 9409 5889 5240 4094 6507 8942 9160 7683 3120 1863 1299 6611 6362 4683 3911 2337 5193 6186 1548 6404 8757 3595 2548 8666 4067 2119 1946 5958 9612 9853 3993 4239 3137 1779 8586 1124 8960 4210 5255 7355 7512 7177 8382 8637 3290 4627 1677 6063 7713 9388 5956 7612 5647 2424 2506 5920 3841 
5846 9250 8839 7785 3438 5278 9982 3797 3053 1257 2740 8336 8181 2814 7578 6052 9331 9623 8850 1684 3618 5428 5628 7137 1786 8072 6160 4382 2286 6721 2384 6345 2503 7306 6780 5878 2818 6426 9827 1957 2167 2636 3067 4931 1668 4851 7361 9650 7976 3113 3965 1761 2323 1987 1942 4664 9381 4012 7988 8500 4274 7096 6011 4844 9127 1115 9968 7975 2441 7257 2639 6087 8951 2227 8764 4295 8877 7254 4825 1805 6965 3463 1327 7793 7662 3363 7834 3706 1328 4984 2390 4507 6710 6859 5560 4842 6360 9510 9902 1529 
2010 7847 9393 1038 2920 1592 4643 6408 4282 6479 6741 1789 5656 1900 9202 7396 2545 9849 7623 4997 6027 3177 1817 3241 1393 1193 9373 2847 5851 7499 6859 4015 3558 1889 8789 1394 7834 2468 9383 4857 6470 9486 5539 9639 5330 6405 6594 4393 6662 4357 6640 2874 7441 1281 1412 7885 2835 7104 5489 6062 6925 4463 2267 6315 9968 3735 3901 5426 4224 8350 9771 3937 9874 9311 5015 9485 2423 4442 1236 3468 8911 5585 7902 7811 5633 8278 1507 4610 9863 6197 7776 2934 2801 2801 3461 6685 6569 1637 2076 9047 
9381 9817 1636 2374 3196 5814 1786 1698 7346 2775 9140 4890 1397 2414 5296 7963 5792 1283 3331 2509 7642 3226 5900 5059 6876 5202 8243 1314 4319 8538 1901 3892 1090 5829 2273 3546 5742 2061 5267 8723 9431 8682 7012 3116 4422 9553 5217 5138 3255 3715 6205 7328 7748 5728 1295 4885 1948 8235 5788 3960 7714 7669 1506 1775 6556 3300 2670 7396 8869 8151 7611 9623 7435 6660 7546 6770 6709 8453 3123 1332 9914 6468 6522 4567 8551 2009 7702 3509 3312 1662 9438 1919 5531 7751 2385 9125 4744 8212 7388 8162 
4588 7798 8683 7076 3160 2238 5133 4567 1053 6191 6297 5204 1268 8171 9353 5234 5673 9959 9233 2164 3938 2870 2387 1813 3271 3079 3684 8423 9567 4572 2264 7830 1142 5387 6292 5636 3075 7794 9818 7046 8709 5018 3061 7347 9003 7598 5434 7416 3967 6325 3987 1680 2023 6441 2432 6966 3112 7814 9303 2452 7027 7975 3099 4481 4477 9258 4996 7365 4052 7608 8011 9570 5941 8384 9448 6508 9214 6352 5935 8873 5021 7649 9224 3060 8963 3622 8268 2347 7579 2212 3388 2632 5705 5220 7256 2332 7898 2421 3417 9411 
6521 8182 6369 3803 7788 9574 3459 4255 2856 6547 4022 7842 9214 7989 8138 3763 6208 3734 7739 5281 8323 6977 7755 9685 1057 2103 7470 9807 4301 5427 5146 6293 8369 7777 9111 7127 3136 7886 7939 4354 1136 1946 3485 4486 6599 3312 7185 6822 3909 5710 8220 2168 1819 4472 1356 8273 4762 2364 7807 3911 6577 8081 1859 3649 2715 7271 3169 5357 9389 2824 2204 4991 1293 5522 6005 5844 6273 6983 9120 9335 9604 3813 1282 4661 7823 6561 7977 2432 5944 1935 2421 3324 3756 3306 6107 3867 5901 7238 3602 2621 
5676 4532 1084 9468 6050 8988 9355 3324 9580 9919 9881 4381 2903 6245 2253 1646 8508 5115 6484 2208 5293 1654 1070 6919 3440 9817 3594 8940 8715 2270 1874 5729 6073 2639 4333 2754 8670 9783 7960 7620 7899 4339 8056 7867 1372 4261 8405 2714 8710 5460 9856 4863 7915 3259 4114 6598 2966 2870 5977 4196 5257 9066 7958 1398 7945 6349 6606 7468 3742 3140 2793 9647 9236 2843 2789 7760 2508 1509 1208 5017 3651 2231 1682 4681 4440 1177 8524 6766 7568 4844 6265 8354 7506 7361 7441 7310 9435 5434 3585 8109 
7145 7671 3487 7716 4737 8764 1914 9910 7236 7932 6032 7313 9326 3653 1713 1618 8904 7854 7814 2157 1673 6448 3191 4791 7498 1365 2740 4819 4459 1287 2754 4225 7958 8589 5276 7900 7083 1177 5800 4104 5701 3037 2095 2518 5248 7948 7990 5336 6824 2196 2929 1647 6529 2719 8184 7466 3801 3897 9178 1209 6900 1701 6529 1896 3830 4138 6866 3589 2935 7295 9167 9068 8118 7755 8305 7448 4658 8764 6173 7872 4805 4474 5146 5052 9561 5511 5081 7143 8868 2159 5741 1378 2610 8226 4843 5414 4454 2220 9874 9504 
9289 5570 3277 8850 9907 3835 3439 2923 5039 1936 4741 1087 8659 2287 8777 3483 3479 1491 8344 5279 7142 9500 8983 5028 6510 4261 6660 7521 9789 3681 5787 9640 1096 2971 7926 9490 9976 6138 8611 4784 1746 2584 7669 2635 7724 4553 7505 9369 1381 4261 8452 6625 6263 5326 4252 7805 9701 6814 2704 4923 3385 7683 6835 3463 3340 1838 1537 4190 9830 1967 7111 9146 2365 3624 5147 4680 1558 1834 3107 6678 5405 8049 7815 4746 2540 1080 2935 5736 3736 4712 8301 3895 2574 5601 2727 7873 7802 1736 9764 8181 
8380 1990 8874 6721 1729 6312 4691 7962 7708 7482 9083 2371 6038 1895 3785 2648 9069 8936 3200 9619 9572 4194 1139 9968 2035 3605 9057 7198 5413 3880 1009 1453 3668 9540 6561 6430 2773 8788 8227 7571 4709 3342 8935 6250 7319 4314 6274 5930 9192 7514 7544 4578 8250 1625 9012 6716 6337 4496 2173 8773 4789 6625 7767 6843 6587 1924 3433 2568 5798 9852 5939 9915 8115 8708 5554 2933 3529 4206 3529 3785 8438 3701 4180 5290 2816 1699 2436 9473 3851 3044 6454 5166 6585 6837 6766 3132 1433 2493 3669 9191 
7395 9651 1525 2693 7041 7578 5457 2739 9069 6424 4383 6767 5355 2062 6574 4576 5196 5221 1053 2658 8675 5938 7843 5225 5385 3854 5678 3273 8851 1199 6612 8205 6260 8498 4452 8717 1856 5462 4458 6177 3240 6115 9757 7558 4639 2622 5545 6099 9626 4937 5118 4701 4556 8568 5982 3122 3192 3030 8969 5544 6760 8856 7674 7412 9805 6657 6078 5415 5184 9832 3282 4553 5357 9425 7071 3201 8690 2240 1991 3112 4202 7877 2046 1601 9517 7066 4886 3888 2885 5978 6297 3779 9118 3699 5297 2841 8089 1300 3883 4011 
2582 5918 9084 6560 4012 1389 4392 3087 6263 9839 1111 7659 2509 7148 7123 5899 2649 4408 6795 3930 9174 1450 9598 6250 9438 3508 5821 6926 4029 5966 8497 8931 2171 7182 9879 1584 5485 8274 1457 9955 1547 1991 3902 1512 6867 7877 2741 4293 5901 4607 8143 2081 1995 8016 7273 1019 9393 3906 2579 9527 5285 7840 8119 9710 6300 9019 2127 4596 8123 5635 5511 7423 4764 7344 8583 8033 6268 1053 7390 3566 1783 8128 4021 6008 3739 2397 3344 9865 2763 3365 4291 1062 7966 6464 3841 4068 3647 2203 5807 5661 
6272 7893 7787 1492 7411 8328 8975 8146 2270 3269 8238 4542 1049 1134 6228 7891 9864 2215 9557 3305 1019 1254 1566 3670 4715 6826 8584 8804 7761 3571 5803 8500 8911 1107 9192 9560 5523 1286 6055 4205 1856 2739 5646 8651 7515 8094 7256 6613 4436 5118 8078 4687 4296 4505 1674 3184 9380 4207 5335 9977 6252 5032 8036 1049 4185 9574 3384 4341 5490 2026 3445 2609 4685 4216 8815 9268 2064 8324 5064 2417 4887 6598 9567 2219 6674 3174 6953 2502 2166 9461 4353 8052 5747 1781 4890 8544 1278 2432 1341 4088 
2138 7096 7276 6545 6097 9586 7796 6630 8845 9368 3241 1153 2167 7680 2227 2345 2384 6097 4677 9111 4764 6874 7337 1195 6187 6475 6598 9107 2797 5269 7367 6079 3095 5941 7584 8017 1448 8817 2780 7292 2613 4173 6214 9714 9391 1240 2399 1989 4967 3753 3698 9436 4066 7152 6972 4988 1556 5709 2193 6164 9791 2645 6874 2062 9233 2422 8061 4446 9194 7841 5847 2447 5270 7783 4794 5673 4225 9180 4529 2088 8268 3544 1972 1331 2269 2849 6135 3487 8155 2837 3926 7619 3240 2379 5226 7159 5017 2204 4739 8058 
5043 9129 3489 4106 9146 5438 4783 5976 2933 7725 8248 8367 8322 8224 4242 7440 8606 6045 8606 3382 3879 5423 2518 1560 2055 9066 2969 4755 2361 7072 5690 2941 5381 1069 4361 2276 4692 4466 5207 8756 4729 8483 8352 1460 2783 5137 1850 7712 9688 3877 5794 1780 6983 7071 8190 5208 6827 4069 3097 9590 6229 3588 1777 6417 4964 8618 7890 6099 8725 4492 8034 4724 3332 1518 3867 3873 2616 7294 6439 7134 5392 3002 5379 5493 6505 5737 6058 2623 8715 3677 9916 3025 5459 5276 9196 7241 1620 2194 4280 7419 
5809 1188 6149 6777 4502 1661 9648 6721 8775 9249 2729 5408 8646 4418 7695 2691 6604 5908 5452 5388 5843 7990 4261 4764 5564 1506 3751 3947 2218 7982 6975 8829 9948 5912 4649 8041 1474 8627 9828 5215 7807 2922 2516 6733 9659 7876 2669 4502 4019 4905 6582 5814 2662 3788 5580 6194 8387 1506 8940 4301 9846 1662 2157 1552 9956 8227 3033 2654 8838 1738 7855 3052 3134 4797 2591 1416 5030 7354 2011 9979 5185 8105 3602 8359 4688 8660 5295 2679 5578 3939 4228 4845 5793 9503 4723 6812 4915 9971 9877 4269 
4469 8912 1063 4734 5784 3942 3758 8888 5819 5075 2004 9294 1371 8402 2407 6736 2458 6188 6706 7881 5979 9085 2022 8454 8335 5425 8148 4991 2806 3480 8590 7506 2479 5298 9491 9222 8250 4790 3536 4793 4946 7231 4988 4235 6078 6259 2742 1064 3580 6494 1070 8666 7894 7303 7788 1652 8116 3773 4246 8616 6023 8236 2724 9662 3053 5748 6179 5566 4816 8142 6999 3340 9914 1358 9855 8343 4964 3548 9241 4059 8854 8802 8409 6813 6760 1446 7167 3804 7496 4100 9113 4544 4699 9573 6560 3033 5208 9256 4723 4082 
9977 9806 5706 3547 3062 2757 6354 5493 5046 1370 1597 5846 4228 4144 4596 2305 3442 9383 5091 2793 1705 5002 7280 7766 1607 3382 8169 7750 9510 1708 5834 4076 7292 3098 2113 7063 2075 3738 6479 6838 8336 4291 4884 9667 1099 2449 7672 6688 8622 1533 6208 2367 7902 5259 7786 2799 2800 3101 9443 3987 9041 6518 9646 8715 6534 8634 1611 4660 1217 9605 6402 9117 4125 5702 3032 4895 2305 3267 1051 7894 4496 2617 7459 7737 4628 5295 8652 7034 5251 1003 3013 9078 4788 2481 2445 5826 9868 4374 1665 8530 
8804 4546 3752 7244 4962 8936 6210 7207 1521 2805 4458 4855 8667 5023 1483 5431 4812 5852 7169 2497 4906 7163 9206 1411 8503 3776 3200 2596 5846 5740 4626 7762 4352 8097 8151 4887 9625 3384 1713 8002 5996 9551 5470 6851 7665 3880 7120 2982 9343 5593 3901 4651 8515 3411 9410 3626 4899 7134 6020 1648 5841 4411 4331 2206 9010 4147 5372 4555 7428 7887 6828 6719 1043 8248 6338 3238 9370 9153 8542 2669 6713 2009 3283 2196 7971 3063 7263 8557 3271 5861 8530 4990 1478 1197 7890 1909 4232 1858 8648 6288 
7804 8416 2391 1733 5961 7867 1627 5765 2404 1307 7381 9743 1260 5654 7303 3654 3894 2280 5551 4937 5874 6046 9250 8743 7210 3225 9966 6946 4700 5960 1025 1967 9758 8134 6198 8277 6115 2018 1209 8835 3834 3818 6834 9829 7795 2679 5208 9078 5167 1062 3526 7579 9376 2376 1426 6141 8370 4398 3708 7149 5357 5017 3383 5337 8048 6381 3364 6473 6694 7049 7747 5048 6183 1771 2385 4471 4722 8179 6248 3693 1795 7911 5113 9471 9815 6659 5628 1807 5833 3656 1441 7979 9090 7889 4105 5039 4652 4812 5516 7418 
1659 8955 2415 4536 8656 6327 3578 5021 5970 5688 4259 7523 3458 1659 1515 1558 1327 9090 3498 8022 1915 6796 2625 7139 3365 6979 9269 6087 8497 8295 7475 9139 1219 3004 7608 1776 6535 3185 5491 5948 4003 8870 6562 2160 3906 8954 2160 2332 3474 2695 9010 3229 7540 2062 5948 3163 1047 1882 9537 2620 7109 1004 6152 4568 7324 3845 7161 6615 3236 9605 5452 1317 9729 4658 5912 7841 5381 2663 9476 5299 9120 5632 9521 4421 4888 1861 2220 5256 6221 3816 2706 1379 7582 9974 5218 4911 3960 3317 5384 8673 
6636 2606 5362 7656 8437 2824 3082 9067 8940 4433 3954 9431 9301 9315 4572 4388 9728 7036 8212 3434 1326 3186 1994 4042 7307 7032 1606 1468 2202 2050 9914 1932 6923 7175 7374 1743 4551 6356 5242 2194 2246 5005 6750 4569 3423 9709 8871 7440 7882 4024 1347 3994 6589 5667 4670 3880 3262 1486 7793 1486 2441 8786 7596 3252 6186 3222 3529 1881 4214 2463 7370 4909 6855 8186 5627 4155 6591 8782 9226 9363 9889 4838 2401 3939 6115 6111 8208 2981 4079 6841 6706 5387 2119 1066 5003 6794 3068 4703 5498 4666 
8953 4127 9713 4535 4983 1400 9026 1727 7794 7009 2355 9829 4145 5982 8979 8086 6087 1850 5250 4397 7358 4185 1777 7360 5216 9874 1293 9468 8452 9016 1323 4307 9032 9868 6588 5939 7740 6994 8188 5249 4288 1060 1999 5469 6153 4454 7954 8829 2677 7448 6776 4265 5960 7825 5534 1283 3250 3069 8783 4176 5268 6124 3110 4229 3967 3197 4100 9667 2037 5155 7962 6192 8506 7079 6971 1934 7651 5789 9711 6639 5119 3770 4125 8492 4007 8305 5450 5746 1485 4035 7337 9547 4210 8545 6233 5782 6551 9851 6018 8439 
6261 3968 6865 6143 2562 8564 4308 9339 7460 6501 8964 9753 9846 9193 4092 1280 8754 8213 7384 7972 2579 7361 3975 5286 1162 4498 3787 4888 8341 1253 7932 9334 7786 7130 9390 5635 1945 2707 8132 6717 7311 4486 6848 6775 8125 4238 4759 2798 7479 6237 3570 9220 7401 9877 1296 6244 9719 3372 2045 4489 3011 8016 7596 3326 6168 9348 6170 3475 2667 6484 1382 9826 7920 4784 4706 6198 3423 6518 2488 6433 3418 3383 4920 2235 6705 8003 1325 8330 4046 1110 6713 9844 7863 3167 8699 4921 8581 4158 1636 8420 
7786 6729 2029 7399 6209 3132 9369 1489 4863 8530 6116 2066 5022 3453 3665 3402 7700 8581 5028 5968 9156 5403 1689 2376 7172 3334 1368 1381 6593 9662 3731 6042 4983 6079 7800 9116 6930 4081 5938 6312 1507 9286 2689 2693 7869 1682 2146 4307 9832 7624 4157 9166 7456 7256 4379 3171 1802 7249 2214 5399 4767 8369 3603 2024 8595 1056 2352 3631 8614 1360 8471 2974 6763 8871 9681 6987 1382 2831 4277 1905 1382 4766 2916 8370 2361 4414 7503 7184 9823 8714 7727 2199 5528 6077 9422 1372 3452 3819 2928 7404 
4546 5716 5748 5787 7680 8013 5474 1019 5530 1295 4418 7845 9577 8863 7180 7069 7037 7125 1525 5705 4164 3675 8983 2337 4546 5739 9655 4726 8538 7720 2422 1152 2248 7857 8193 6856 3598 5893 1906 3689 6192 7255 8959 5911 8073 7529 9012 7758 3687 1366 6809 8741 4819 1944 4975 6659 7632 9306 7711 9154 8716 4737 4007 7463 7024 6146 6381 7648 6480 1003 8297 8509 2683 4217 1531 3073 9998 6568 7469 4305 5667 7929 3959 1730 5100 7136 2110 2896 1554 4007 2521 9787 1317 1282 9747 4264 9713 1942 6079 8953 
6448 4545 3494 5575 9201 9446 4690 4668 2173 3992 6982 9149 6406 5340 1586 1078 3831 7727 3488 1837 4829 5916 5310 6707 1010 8665 2258 5498 5139 9621 1575 8332 8302 4855 8552 5981 7112 8711 6765 2752 5322 9895 8767 4911 5871 4473 6303 3542 6592 5229 4594 3476 3167 2765 8916 5563 6647 6683 9648 4092 8688 1149 7493 2529 6776 5584 5744 6124 8504 3492 2589 3207 5359 6199 9391 5940 8202 8169 2782 8627 5428 6891 2595 7027 4823 7476 1541 5958 2308 5140 3000 9095 2182 6147 3503 4048 7173 8470 7693 6960 
7929 3265 8984 6512 3780 6231 7970 4688 7522 8201 4624 3680 9706 3699 2626 8281 1284 4919 9909 5490 8238 2088 5026 3688 3307 8410 3020 7577 4204 1221 7701 7504 9335 6067 2885 6629 3207 7870 7640 9879 8294 2409 5959 2494 3190 2524 5003 2385 9954 1986 2082 2251 6491 3681 4804 3074 5180 6347 5647 4242 3554 8419 1770 7734 8699 6774 3508 3209 2642 5348 7153 8021 6166 8266 8206 1365 3274 1198 1129 4022 4349 8261 3623 9539 3667 2636 9424 8199 2740 7282 8771 3713 2051 9176 7108 9671 3583 9273 6102 2585 
4157 9637 3364 6909 7073 6376 8879 5161 1386 2987 2021 3613 5160 9563 3075 3111 2349 9744 8675 9178 3774 3403 4919 1334 5490 2117 6127 4244 2129 3331 9916 6468 8668 7034 2460 2722 7906 3118 5407 6909 6987 3134 2815 7388 7643 5185 1458 9122 6541 8600 6139 2751 5019 5812 8684 2469 9445 7974 1162 1070 2795 9346 2667 6683 9199 1439 6449 3938 5632 9900 4186 7432 7162 1546 7857 9088 8680 3818 6249 6878 5083 7936 1187 2000 1122 3041 9663 6246 8301 5345 3528 2318 8970 7273 8535 7703 8819 4882 2088 2643 
5143 1212 8386 5305 9737 4634 7268 3642 2408 4816 5000 5113 6889 4105 1346 6554 2647 1148 3802 6456 7939 2814 7313 3245 9189 6519 7840 5022 6239 8268 8191 4999 2066 2007 4241 8130 9580 9545 7353 7999 5179 4990 5420 2303 9086 7068 7759 5689 2423 3477 2027 6648 9739 1006 4586 6546 5649 7128 2516 9782 5658 2102 5545 3578 4262 3731 1922 5067 4904 2476 3304 7730 8635 6136 3031 2284 2310 6568 9945 8189 2548 8410 9913 2711 7803 8550 1960 6865 3190 6080 5839 6722 1375 5640 3465 1773 9322 8995 3539 3884 
4655 5396 2000 4027 3988 1024 5169 4728 3811 8200 2044 7842 7391 4939 3339 7120 6974 6303 2661 6089 8282 4448 7891 8164 1205 4921 5674 3168 2114 9806 9611 7597 4724 8811 4621 1818 3823 3225 2668 9162 1771 6968 9845 5867 5518 3734 7468 8723 7151 5483 6670 1364 9904 2712 9876 1444 7933 9513 5235 2658 1689 9017 1379 4810 2535 7238 5054 7050 8379 7683 6609 6315 7325 3783 9251 9232 4443 2282 9190 1891 2962 4219 7480 2500 1023 6251 7973 6706 2650 5846 9984 8277 1693 1877 7107 5252 6540 5200 5010 5246 
6520 6903 2909 8260 3153 3465 9175 5282 7473 8528 1375 1301 6936 3501 5127 3313 7429 4862 5261 8130 3758 2429 6472 6841 5671 8382 2558 8156 4214 6471 9225 9804 9641 7740 6174 4809 5117 4259 2417 1324 9534 3257 8297 3993 2963 3994 4113 2559 4719 5087 9719 3501 6137 5776 7851 7473 7313 7712 4651 6102 8787 8039 3650 6134 7672 5417 2700 5222 4116 8968 4204 5245 8280 9981 6139 9917 6832 2665 9242 4692 4419 3160 6208 3885 2821 1818 3198 8880 9211 5447 3302 9541 8229 6750 4733 1827 2573 4013 8477 2608 
7300 2991 1979 4732 5628 3978 5791 8167 1739 2303 3609 7557 8511 4486 8556 1598 5807 6035 3945 6368 6406 2779 4250 1912 2842 5328 1345 4867 9422 4071 2154 7583 3668 3165 3284 7052 8370 8063 2719 6305 7030 2766 2979 9689 2930 8514 9885 3017 5304 7594 6580 4699 6347 5008 7131 6711 3974 1499 7332 6050 9897 8185 9379 3621 2807 3906 1448 2479 2777 6818 8548 5728 9540 2190 8419 6709 9012 4286 2299 7729 1319 7977 7483 8359 1637 2113 6592 1093 1953 1339 7517 4020 7148 5013 4225 4777 4610 8488 3527 3881 
9735 4564 2165 8924 8541 7331 3874 7835 3565 1521 2326 4524 9183 9511 3183 5276 2161 6389 6332 9529 9354 2603 5830 6749 3400 3930 7902 3113 5440 7660 2087 5199 2912 8925 2043 4253 2880 7011 8898 7768 3566 1176 2240 4895 3549 4035 8609 8564 4939 3013 2222 9266 1818 7321 7014 2549 7549 5556 5462 3799 1550 9173 2059 8364 5496 4984 1061 3986 7201 3925 1734 2602 1365 3607 1149 9411 4545 1829 9236 8066 9500 6002 2875 9789 8166 8447 3961 8228 4243 8340 7282 4195 3395 5238 6106 6351 5637 1153 8342 1176 
7082 5735 9975 7047 5924 1718 5543 1461 7555 3488 3602 4346 8420 5216 1083 8352 7148 7532 7163 7136 7375 9474 9966 7824 2645 3647 9246 9778 9978 4892 7460 4564 8160 3160 9283 8148 4014 8033 1973 6726 3790 7059 4788 3360 8220 1699 9221 4435 3914 9712 7606 5616 3277 8768 1235 9811 2664 4128 2912 8761 7668 6394 9451 7555 6598 8396 5132 4054 7195 6278 6159 1981 6931 6398 2788 7294 6621 8870 4439 6955 8007 2918 5455 3563 3903 9723 2944 5987 3335 1145 6343 8410 5144 7783 2505 7451 2005 3201 1279 7730 
3566 9445 6106 3284 4772 6339 9471 4077 3668 7821 4039 2699 1390 1679 2673 1278 5109 4860 8174 5120 3389 9884 4744 9477 9969 7390 1113 4816 8798 2634 6966 6093 7236 5799 4052 5913 8570 4354 6963 5635 2040 1181 3635 7788 4985 3691 8161 2067 4016 5493 8709 8501 8759 1090 8114 7600 8342 9514 2547 7865 7521 2443 6010 3330 1998 1559 8835 5942 5422 1823 5343 2167 1067 2808 2705 1897 1712 2288 7199 2550 6325 4275 7000 1758 5651 7214 3325 4886 4356 7765 3957 8231 4234 8349 5531 6392 4878 7105 7704 3995 
7972 4308 2744 7149 5697 8862 7220 2704 9637 7341 6219 7915 2914 8535 3255 6141 8311 6416 2266 6605 2820 1551 6631 1612 9616 9809 6768 2426 2765 3139 4680 6500 8250 7020 2963 5275 2128 9134 5166 9905 2634 4740 3401 4499 3433 7620 5123 1017 8800 9699 2661 1617 8076 2498 3450 7161 2623 8041 5085 9490 3598 6975 1157 9737 3313 2270 3007 8869 2621 3876 1879 3630 3976 3231 4678 9511 7323 5693 9390 3283 7109 9296 1471 8269 1163 6579 2939 1935 2484 3422 2339 6126 4750 9850 1989 9142 3971 8696 3177 9875 
6568 4844 4046 9767 1101 3047 8656 4205 5951 4017 4542 3728 1163 1005 5689 8137 9082 9525 4541 7041 6384 7069 1577 8982 6757 5991 7766 2282 2671 8457 9196 3902 4131 5656 5509 1643 8572 6468 6670 2623 2424 4265 5079 5540 7738 6501 2874 9377 3991 9757 2690 1712 9087 5942 5105 7115 1285 6565 8966 8557 2352 1253 2547 7359 2383 4589 4408 7452 4036 8419 8206 8609 1377 9742 5560 5709 2123 6340 4767 2449 5790 8961 1753 5132 8515 5861 2821 7005 2383 5979 3379 7835 9298 2261 8934 2231 3321 2757 7202 4049 
8911 4516 5284 2033 4631 6295 2974 7432 4024 7779 1706 4876 6292 1482 3655 4729 1926 2067 8071 5269 3635 3572 2564 1295 2349 3030 3347 2274 3306 8608 3023 4685 6259 3758 1911 6241 8668 8196 9521 3891 7063 5054 4077 7495 6827 2471 6627 4579 1565 4749 8134 9660 2793 7132 4577 6414 3623 4157 2651 5752 9475 8356 1996 9015 6899 2839 9552 3536 3944 1816 9638 4838 8761 6425 3448 7560 2759 4694 3021 5434 2068 4338 3895 8626 2835 1584 3742 8152 8613 8331 6003 5362 2763 6196 8160 1911 7696 3576 6097 3654 
4130 5730 4107 3817 4432 1535 8111 1926 6838 9974 1728 9050 1933 7807 4598 9864 3126 7572 6534 6638 3651 5462 2563 5487 5037 5917 1153 2620 8166 3419 6218 7510 4454 9566 2799 9837 8615 5523 7389 8403 9117 8872 4955 6086 4226 2150 1562 4547 8750 1965 9715 4821 2630 1954 2766 3548 2110 9460 5103 1728 8297 9063 6097 5218 6015 1611 5385 1152 5505 8389 4769 4114 6960 1924 3671 7901 5967 9834 9004 4996 6483 2449 4014 7336 3455 4911 1426 3112 6138 7783 8628 9753 3873 8764 3249 9479 3386 7728 5829 4808 
3139 6146 9568 9063 4491 6520 1119 1679 4540 5533 3334 4959 7039 7320 8428 7785 3833 1892 3621 7544 6530 5315 4459 7095 1030 3574 1381 8035 1981 2771 7696 8194 4201 6179 5495 8264 2500 7574 6731 4258 2532 1638 5268 4463 6407 6899 3375 6305 5761 9454 4321 2135 2539 3245 5122 4116 3466 2367 2264 6518 8385 1239 9133 7030 4061 5028 5540 1198 4396 5488 3021 1637 1724 4750 1990 1195 3403 1877 9970 3201 7374 8978 1075 7698 2305 6274 2231 2964 2705 4382 1656 6558 5727 9321 2561 8589 8271 6178 8765 8898 
2559 2490 9645 7252 1930 9312 1864 3134 1580 3465 6118 7621 8409 6837 1282 8703 5932 7657 4963 7552 2627 4469 5668 2873 9946 8398 7317 7987 3802 6758 3831 1795 4239 7758 1803 3918 8402 1145 1575 4180 5497 3417 8473 9734 1311 7721 1770 9549 4436 9286 8970 5738 7534 8079 9464 5673 2163 3269 9864 6495 9274 8073 2621 9894 6780 5788 4784 1064 5346 7493 6233 5572 9546 8505 8606 4777 5061 6229 7033 6509 1695 1493 1739 3223 6415 5117 1527 3518 2381 9150 7472 5347 7029 7747 3411 5217 5914 5612 6057 7366 
4887 6156 9366 7119 2788 2118 7733 1141 5036 9875 4718 1190 3912 1093 3684 9589 7330 9639 7005 2064 6503 4286 2655 1955 8215 8896 5466 2083 4535 8005 1994 3843 9991 8579 7369 9525 1250 1913 4998 5861 6405 9697 9361 6263 7414 6760 6779 9122 8288 2755 4098 9475 2176 6444 2385 1767 5217 4260 5321 8359 5267 1815 3225 3658 2994 5125 7084 4455 6966 2883 5838 6611 2967 1337 1606 1373 1791 7900 9040 2977 3524 4743 4939 1648 9126 7384 2958 7355 8120 3831 8580 8079 9868 1530 2358 5119 1498 5973 1792 4743 
7838 8842 7519 4490 6679 1902 5037 9274 7142 9319 8935 6472 6597 5323 2912 7022 4741 2200 2392 3978 2673 9795 7362 3451 8131 9684 2875 4447 8680 1390 9352 6710 5738 9523 7254 6819 2179 4458 3283 6823 3911 1961 9344 5125 3638 6623 2883 3563 6296 9420 4027 3591 4883 6091 9270 1410 6584 6644 1784 8042 3358 3108 4009 8791 7481 7688 6586 6502 8739 9744 9754 8214 2654 4884 1755 4034 8973 1858 3045 7160 1691 6832 6806 4705 9168 5951 3072 5566 9834 5695 3854 3646 4085 1260 2169 9494 5995 8656 9718 5173 


100 40

2148 3956 8474 5485 4751 8590 8080 7801 7161 7007 7209 9221 3978 7452 9653 9896 7542 5887 6359 7315 5556 9295 2659 7293 1242 1748 2650 7045 9620 6469 2145 5626 9425 9432 6248 2498 5086 6495 7180 8712 
2231 6669 2639 7040 4720 9373 2966 7917 7005 4819 3790 4585 4075 1077 3539 4223 7476 3825 6580 7907 3312 2687 2439 5850 3599 1504 9897 2999 6947 1497 8871 7241 8743 7619 5333 4846 5144 7488 7875 6806 
1218 4034 6801 3755 6836 8095 4223 5937 6449 9972 3689 2867 5458 6414 6994 9203 6515 4304 1386 3785 7667 5750 1471 9709 2697 8352 4881 4667 2205 4021 6413 4316 1798 7368 7876 2374 5193 9727 7535 7638 
7181 9294 3532 5936 4900 8083 2155 7015 6291 8901 4942 5102 8821 7712 3184 8091 2264 2990 6377 4985 9289 6664 8771 9456 3733 1704 8779 8990 3991 8265 5667 6401 4733 7883 9837 4020 6543 3139 8282 1458 
9277 2135 7448 1034 7681 9407 6241 7712 5896 9743 4384 3390 5339 1288 5080 5755 4195 2497 1746 6796 2068 9131 2149 4200 8557 5018 7226 4827 4639 5858 4280 3073 8205 5982 1527 3710 5711 6052 4980 1808 
9852 6510 2505 4559 2531 4049 4334 3430 2128 4843 4307 4859 7305 3698 5941 9410 4340 9222 4010 9686 9567 3831 4417 4591 6402 9066 6510 4862 6502 7634 7559 1213 5926 7901 4503 8669 2755 7978 6401 9120 
3910 4656 7706 9106 9973 4914 5086 3924 3399 2020 9199 7093 7391 1219 8976 8060 3693 1456 5652 7082 4227 8974 3855 7353 5774 5294 5077 9603 3380 4439 7206 5021 7177 1069 9862 6543 4160 2743 8471 9885 
5676 2353 8745 6658 4313 1222 9689 6010 9932 3296 6331 3789 7449 8086 4525 2650 4212 4065 6439 9980 9220 4970 1468 7413 2769 8837 1243 1173 1349 3369 7639 1738 1660 6529 5038 4032 3444 3697 1991 5154 
6022 6646 9691 4078 1586 1057 4370 6046 9217 5868 8812 6473 9670 5881 4024 6289 1598 2138 1179 2065 3854 7332 4769 2340 4628 4584 1096 6539 2444 2258 9148 2858 3081 1839 7279 8259 1630 4723 8672 1343 
7990 2072 6290 8741 3672 8010 4051 3704 3435 9279 3505 2584 5004 9393 4096 3639 4968 3949 1035 5803 2825 3982 8470 6373 5085 1131 1812 1887 9929 9603 2361 8468 6009 5559 6636 2113 9529 8980 6097 7451 
8607 4514 1831 9038 9568 5062 9143 9786 8287 6206 9209 1899 3856 8657 9828 4854 4571 8539 2667 8222 2092 8525 8290 3720 2663 6709 3719 8243 9280 1901 5964 3766 1115 4593 2008 7003 6947 3240 2119 5323 
6055 1629 7964 4851 7524 9038 9923 1430 4328 8870 5866 9473 2659 7482 5927 4698 6054 5347 8928 3235 9147 8743 6960 1435 8680 8219 8498 2385 9357 5108 9274 8160 9104 8787 7789 8760 5838 5274 1072 5834 
3393 4271 2370 7531 2024 6202 5995 2959 6877 7207 3242 2505 1394 2139 9757 8252 9496 6427 9412 7863 4201 4566 6076 9602 8490 5212 7765 4533 2720 3315 8125 9902 4162 3425 3578 6520 3090 1702 8343 4930 
5652 3654 2454 9385 1100 3635 5448 5209 8197 2442 2059 4402 3487 1389 6142 9089 5324 5502 1153 4658 7562 6497 5028 2853 5691 6316 6740 6774 3371 8123 4590 9367 1628 5336 9759 3943 6825 4552 3810 5025 
6764 5089 9501 8380 1531 5919 5111 6426 6092 1542 6949 8980 3613 1763 4688 5980 8623 9762 2658 9599 8736 1572 6434 5383 3434 2847 7260 4778 1553 1228 8940 4710 8894 8838 3591 6688 6866 2691 1531 9351 
8631 8023 8051 7597 3989 4706 9210 7302 7954 5083 8223 4954 6476 9286 4120 3026 8616 5004 9922 2741 5179 5536 5781 3356 5350 6643 1082 1424 2730 2788 4367 6817 9866 7539 7140 1268 9525 4019 4633 6996 
5104 1324 9221 1919 3310 9517 7020 3122 7637 8150 7331 8191 2810 4873 9229 8535 7369 3047 8896 1414 4032 1410 6385 9368 8794 1416 2096 8177 6488 4940 8449 4819 5847 4696 5644 1210 3635 2306 6426 8735 
3305 8059 5384 6731 7988 9224 7865 2613 5867 5635 4628 7772 9650 6778 4797 3811 6037 2467 9549 8390 8512 3346 3497 8472 2819 3003 2650 4999 1047 2228 4557 1173 3439 5708 2777 6775 9150 5215 3072 6114 
3467 4279 3142 9345 8381 1966 2031 6228 6001 6372 3419 5311 4658 3240 9896 3443 7144 6859 9095 8190 5699 5149 9598 1395 7311 4116 3613 7481 5965 3951 2292 3039 4236 4186 4441 4854 7407 2202 4441 3285 
6689 4107 7130 7190 7468 6223 1706 7379 6695 7664 5357 8085 9214 8432 4500 8174 3389 7158 2937 3414 5591 6976 1520 4405 3696 6308 9902 8406 8494 3195 5547 5085 6424 9540 7100 1740 5833 1163 7876 4597 
6357 8550 9530 5102 8107 3821 9413 3362 4132 4913 6481 6960 6759 8527 7916 4775 8582 5181 8766 2527 6617 4449 8536 7838 7947 6792 2923 7427 8504 6045 5511 9414 7260 5717 8678 5541 6592 5341 8365 9816 
3258 4839 1847 3558 5859 8964 9302 5724 1788 4841 8079 2604 8576 1653 2928 3187 7442 7927 6492 5629 3061 2263 3221 6068 8106 3522 3162 8406 5124 1441 5486 3751 5357 2682 4462 8712 7672 6795 4362 4633 
6255 7489 8271 6864 5097 7739 1135 4899 4853 1877 2130 5698 1944 5374 4167 2990 3598 2992 5826 2604 6458 3647 1199 4327 8885 3872 1106 2401 2336 7366 2693 7084 1291 6321 1604 6615 7979 4231 5354 5583 
2564 1693 9458 8437 9074 7014 5157 2094 7677 2198 3796 5404 8025 6130 6417 6981 1139 8752 2471 1317 6746 8615 8393 1380 3814 7982 9683 3218 8108 1076 3303 2744 9608 9966 6389 7246 8884 5762 1235 5091 
9639 2830 2196 9464 6360 2442 2165 2647 2752 3106 9015 4648 3067 1365 5514 8975 6518 7520 2527 2615 5702 5180 7859 9933 4511 1624 7593 6965 8192 2305 6481 8123 9132 4455 4544 2720 2443 1601 3523 4464 
9809 7162 2661 9276 8913 7847 8068 5366 7162 9548 1097 3902 4454 8303 3587 7391 2822 3208 6996 9854 1666 2155 2341 8591 8271 3115 7097 9960 7675 7324 3618 9375 1543 3685 7108 3627 7858 3646 9555 3709 
6200 4664 8238 1050 4789 6029 9773 8349 1794 5866 4259 8533 8720 1562 1234 7644 4424 1031 4475 1066 5352 1195 4614 3693 8384 4193 3966 3730 7103 5713 8879 9851 7514 5493 6109 1787 4216 3914 3243 2812 
9922 4115 2390 7697 1885 3895 4484 8341 2503 1697 8416 3903 2858 1699 4753 1788 7615 3640 3332 1611 9148 8388 6105 8763 9835 8142 6241 3902 4951 6026 1416 7298 7165 6970 4250 8379 2941 3702 2283 4231 
4492 6021 9157 4028 2066 8289 2416 2864 2017 2287 1945 5995 1710 5971 9706 2002 9364 1262 7325 9208 5799 3496 4356 8247 5860 8230 2078 8319 5242 1388 4773 9257 6513 1441 3045 8943 8384 2716 4452 2779 
1177 2916 1293 5178 1941 5339 6772 3478 5800 2931 1149 3640 8156 1233 8351 9564 1426 1742 3359 9416 6794 9033 9139 6534 4864 3533 7475 8483 2318 8251 9074 1149 5849 4336 8860 6934 4755 9747 5411 6830 
3563 3122 3246 7649 3700 8715 6106 5107 8558 3624 1175 7189 8984 9736 4732 7632 9961 4990 2786 8716 7974 8725 5092 4869 7811 9110 7247 5563 2466 2954 1832 8235 5613 6973 7540 8878 4915 6860 2911 3912 
8915 9582 2015 2669 5639 2660 3879 2816 6581 9403 1163 3923 8640 3046 2221 7965 3492 5379 5817 7423 7369 2588 2551 9123 5368 6772 9463 6044 3856 8527 4896 6669 7876 5016 9732 1524 1255 3042 1147 9549 
6986 3063 6439 3209 9838 5210 8562 3089 1392 2553 4283 3055 1089 8630 2744 3461 6231 4150 8956 5478 5571 3370 2350 5219 7854 7831 5193 7698 2581 5875 5121 9170 6351 8907 1969 4305 9384 6399 7789 9412 
2505 3896 9892 2978 9163 7048 3628 3994 2599 7078 4030 2225 7583 9218 4376 6121 6714 5906 5976 4369 4787 2867 9402 9773 6789 4638 8314 8990 7292 5871 7101 8945 5527 4546 1820 6912 2838 4572 8118 7796 
9796 4852 5472 2175 9264 6054 9373 1729 1538 2676 7880 3944 5601 4281 6307 8141 3692 5569 1733 5142 1638 5936 5877 1554 8742 4797 8876 3523 9568 5222 4493 9315 1322 7660 7542 1542 9180 9918 8113 2821 
7609 8655 8477 2205 7359 5416 3848 6412 5533 5430 4277 2875 2107 1999 7795 3850 8224 5925 2885 1895 6752 4013 8189 4895 1190 5022 6082 2629 1816 9486 8249 2131 6202 3458 3827 7611 3782 8942 5563 3092 
5949 4476 5563 1230 8237 6264 1945 6635 4903 3657 8387 6561 7958 8093 1372 9129 4402 7947 8663 2189 3276 3047 9372 5532 7043 5494 3057 4503 5201 6697 7921 5865 1600 2501 3796 9864 2889 8615 4875 7755 
2889 8304 5345 3866 1884 2281 8286 9960 6991 2906 1330 8430 6095 7282 9596 4596 5037 6195 5950 4907 4238 7721 1064 7587 7406 7756 7358 4031 5564 7324 2736 1628 9913 7973 6612 9478 2768 9094 2308 4693 
1128 1718 9248 4982 3716 4507 5982 3344 7676 4711 9390 9455 7409 9628 6652 2552 6350 3363 9544 4372 3187 5942 4238 5003 4082 4108 4264 2740 9366 9342 1556 6430 2554 4142 9265 1559 8106 4049 9639 1970 
4230 5752 3522 9820 2399 6179 7771 3564 3257 6343 1367 2568 2513 1207 7942 6581 2525 4517 8462 2047 3872 7262 7970 5604 4595 6657 1090 1640 8616 8950 4079 8343 2904 5810 5783 3418 3138 7681 8665 4561 
9694 3763 2466 7274 7171 1916 7145 1013 4136 5253 2896 4226 3275 5711 6032 8650 2068 6385 2457 1224 6841 4529 4801 1263 2136 6566 3075 8475 8446 6797 1665 9746 1575 2584 6773 4061 5553 1644 1585 3797 
2388 3044 9492 7100 9998 9169 7757 7231 3445 6058 3602 7889 9081 5538 9034 4214 2094 2801 8053 3424 5076 8993 3871 1873 6244 1206 8371 6477 4754 4870 7526 9314 2984 2940 9819 4310 2285 8621 6148 6425 
7117 4361 6018 4582 2766 8034 3404 9500 1999 7839 1618 4624 7085 3306 5707 8952 2642 4017 8047 8078 1428 1589 2885 7425 5402 2433 8859 9748 7952 6255 9873 3037 2312 1826 1606 6837 3923 3605 1948 7479 
1151 2603 7889 6247 6717 1207 1083 8243 6338 2047 5121 7074 8023 7651 5022 1008 2314 5346 8088 4860 6814 8346 9720 7637 9821 7804 3144 5730 9379 7511 6471 6978 1881 6723 7999 1399 8018 8855 4073 8502 
9287 9433 8533 4341 7878 5298 3021 2830 7577 9190 8128 8927 7939 2092 6508 8693 6868 2842 3425 4410 9653 9830 9586 9569 4604 6238 2926 9343 4485 4298 6049 7358 6949 3785 9905 7125 7445 9946 7142 3412 
4606 9229 3404 6099 2385 4549 6823 2741 1969 4064 6540 5801 6408 9106 2391 1527 1829 1091 8000 1538 6342 6107 1544 9554 4319 5300 4991 7792 1576 3332 1731 7106 6592 4687 2299 6548 3462 1980 2340 8723 
2923 9072 1555 8350 5707 1506 2367 2693 3432 1788 6665 9591 7036 6444 5533 2451 4833 5738 2273 4962 8387 6785 9633 6094 9301 5852 5891 8354 8313 9826 5657 9635 7704 8659 9288 3615 7206 7397 7545 4847 
2210 7212 6038 1086 4936 8247 6394 1939 9042 2215 3707 3423 6655 4629 3296 6649 6027 1839 7225 8458 8444 2797 1797 3775 6372 5758 5163 4106 8752 6012 2897 4135 4424 2791 7808 3477 6605 3442 5204 1702 
2356 8361 8957 7098 7487 6675 7539 5117 1957 9781 1527 9675 3821 5716 8626 6967 6672 6847 1496 9998 9840 6568 2558 2548 5932 9375 1917 4813 7351 4989 9246 3749 6889 6474 9789 3371 1615 6672 3752 9972 
7949 6414 7542 5960 6537 6921 1733 8289 4724 5295 9375 4920 1593 4873 9273 3209 1243 7801 2611 4594 9585 7688 8132 2527 5743 9398 5642 9316 8776 3650 6861 8572 2273 5089 9919 9748 4287 6380 2000 8433 
4148 6248 8934 5521 5493 3478 4882 1446 1405 7488 2708 1051 9810 2020 5025 6156 9354 4661 6642 5741 3130 7955 7658 1165 7603 2414 5977 7120 5600 3772 4599 6207 9872 6907 3491 9932 3525 3940 1299 2929 
1845 5650 5632 3679 6556 9629 2428 4831 6338 4913 1915 8063 3592 2883 5042 8529 3608 4593 2895 2894 2204 9709 9806 9386 9604 8947 3697 8108 8107 5344 9788 6135 7528 1112 2866 8297 5056 9180 1755 3180 
4283 6112 7001 4040 5994 7929 4925 8254 9088 5672 1761 1934 9053 9329 9970 1165 2622 7550 4957 9121 3173 1913 4505 4813 3988 9838 7107 5060 9223 6734 5374 6975 9915 5012 4213 5239 8776 5958 4936 9342 
4227 8352 3931 6871 5658 1659 6788 7497 6771 4421 5918 6590 3781 2454 9402 1602 6889 4041 7768 9299 7509 3002 5704 4723 8938 2186 5757 2336 6199 5930 7954 9080 5283 3218 8178 8001 3767 3744 8264 5369 
1725 1393 2772 1687 4865 2500 2547 9113 7803 9453 4116 5069 4773 7364 3732 3470 2781 7351 7455 5214 4654 6365 5071 8864 7011 9679 5620 6254 3847 7385 5119 2441 4651 8952 5384 5293 8708 2359 3782 8291 
5317 5573 6136 4768 9848 7357 6015 7947 4655 2827 2267 7603 9428 3960 9618 8753 7427 9097 5630 5530 8317 2804 8620 1143 5163 9061 7686 8706 9707 7767 1023 8791 7038 9184 2078 3546 9803 9322 1372 7027 
8817 4848 5892 7840 3631 1032 8316 9596 5390 5822 2450 2125 1273 9400 2601 8042 9162 6323 5444 3619 2430 7478 2925 6089 8786 4666 8361 8686 9143 4951 3310 6196 4265 5610 1812 7951 2864 6965 8410 5788 
2685 9129 5735 7586 4659 4483 7431 5507 9973 8599 9641 7042 3542 2164 2814 1847 9012 5606 1829 6694 5866 7550 7903 7648 6617 7932 1578 6310 9649 2453 6241 7459 8392 8627 4027 6929 4006 5559 6497 4125 
2520 3808 5768 9635 7855 1659 4367 7417 4362 9071 7759 1283 2870 6630 8364 5425 3194 2558 9639 6241 9940 6051 3420 1152 1254 6089 8445 6042 7170 5581 6973 2616 3323 7390 6476 5174 9354 1272 2046 6969 
7857 9855 6642 7643 9414 3835 6678 8808 2496 1846 9924 5634 9706 5676 6949 4325 2776 2103 1422 3915 9290 6995 2365 8296 2352 8542 4981 9800 8081 9739 7369 5085 4869 9741 4858 8136 1519 9084 1594 8800 
7719 6610 3583 9379 7402 2965 2604 6805 3375 4760 5136 1931 4999 8532 3667 8227 3824 4726 2694 6308 7398 5784 6577 2901 1272 2068 9414 3318 6457 6129 4596 6782 1508 5220 1143 5302 5025 2259 4007 4954 
6171 7950 5274 6260 1723 8783 6171 1698 7286 9871 4946 5992 9003 6972 7225 5782 6780 9702 9304 6416 6065 6218 8570 9884 7015 9148 7280 8138 7597 8748 4153 6417 5719 7856 8461 8232 2116 2945 5115 2702 
3262 8978 7446 4402 7694 4026 3621 1987 2352 7959 8053 1559 1633 9537 3924 4904 2754 4296 6558 4873 4517 4093 3313 5095 2038 9884 4509 9118 4137 7908 6453 6096 1643 9755 1843 7179 4828 4696 8238 7855 
7513 3598 5603 4069 9470 7293 4034 7452 1454 3209 2984 2651 3796 5604 3510 9869 4286 9315 1105 8186 1325 9248 9088 2657 2797 6927 7302 1082 6230 6457 3672 9399 8159 7107 2930 6727 7579 9523 2410 4687 
8384 1003 9395 5093 1302 9379 2983 3898 5050 2916 1924 2797 4205 8368 8518 9562 6499 3444 6686 1868 9584 3660 4161 3229 1729 8257 8397 2920 2397 7442 7201 7396 9241 3790 9437 3425 4695 2880 6334 9823 
3823 8787 8655 7622 2796 8993 2385 8721 7948 5442 1449 7300 6054 8479 4074 3869 4136 5555 8015 6222 7675 1636 7302 5799 2779 7683 8592 7030 6304 4008 6720 8301 5560 8567 2552 7968 4929 1949 7529 7868 
3109 2343 5108 2615 6440 2413 9878 4788 3134 5297 9892 3785 4635 4614 8826 5875 7994 7307 3524 7523 8046 8439 6445 2292 8509 6898 8736 8413 9969 8272 6954 6923 3916 6934 2605 6931 7825 7276 8974 6803 
4417 6315 4063 5239 7984 3550 5029 3720 6506 7674 5414 5548 2608 3698 5376 3848 5154 3852 9416 2436 9907 9248 3311 6435 4473 8812 4598 9373 3951 3183 7216 2351 6897 8613 1252 9173 7860 2029 9525 9554 
8759 4409 2606 4313 9031 7258 8828 5546 4756 6987 1128 8868 2959 6070 6462 3928 3691 2347 7915 4129 2342 3829 8169 5566 6867 6734 9701 7263 9356 7455 4535 9316 6148 8331 3640 9723 6958 2804 2152 8018 
6583 6859 7824 8624 6330 9994 1560 6043 3736 5123 2605 6397 8876 2341 3384 8599 7623 8807 8079 9322 3801 4030 7690 7721 4301 5444 4848 6787 1997 6608 5770 5592 1554 9750 9794 7929 1848 4421 8162 5218 
8627 7583 2114 6815 4186 5111 8241 7696 3564 5626 3406 9260 8370 1874 2775 7336 9416 8297 5984 5021 4790 3072 7947 6738 4115 3929 5856 4306 5933 5557 5790 5337 6366 7099 1155 8950 1807 7314 5792 6460 
7726 4261 6260 7423 5080 9974 5257 1662 7473 3864 8399 8182 4836 9356 7894 7667 6819 7256 4791 1297 6131 7827 2003 5153 9695 7025 8924 2581 4202 4735 1362 9430 6172 1660 3135 5878 6436 4513 9100 1964 
1869 6317 2314 9199 4747 6191 7175 7352 3671 3267 7323 7323 9576 6896 4778 2211 1910 3261 5413 8328 3998 4862 8541 6715 9216 7715 1008 1219 5008 8458 9288 3627 9389 1830 9105 7371 7574 2949 9923 4952 
9823 2529 7882 2165 3128 3624 9101 2982 6204 2452 1522 7873 7248 6771 9688 6425 7401 8481 2651 9681 4534 8137 4504 6097 5478 4495 7776 4284 4410 7895 4265 7422 5616 5821 5865 7882 3305 4558 9684 9544 
5014 3305 2952 7796 3197 4734 1252 1443 3320 4435 6486 3078 9660 2598 9129 5010 8294 2014 7730 8812 8783 8362 8144 2838 2969 5519 7309 4259 6569 2076 2364 6554 1330 9781 4725 6129 4147 9023 5186 5327 
6584 6215 4860 6395 1311 4056 7387 4731 1432 9074 1491 8394 5644 6744 7945 4062 9471 8742 6522 7947 2073 6645 7140 3604 5425 9592 3445 9522 5418 4542 9374 2282 8494 1529 9763 1025 7619 4711 3191 3246 
5818 8308 7623 1520 6714 6749 6116 9966 2235 3533 3493 7708 6595 4074 9115 3110 6108 7761 8849 8284 7317 9244 2523 8880 9395 1070 4516 8218 9129 2520 6636 7236 1692 9069 5184 7615 1801 5320 3894 2787 
7563 3717 8643 2196 4832 2050 6426 7884 2318 4172 5008 9662 5146 8199 8890 1906 4788 2640 5176 9309 6206 7014 1452 3189 6479 4386 5002 9064 6507 1287 3287 2467 5263 2024 6559 7870 3693 2310 6306 2295 
5104 6944 2074 5007 1477 3620 8153 7103 2798 7778 7426 7286 8317 2390 2591 2962 6991 9779 1229 7322 9028 9746 1421 7217 1173 2002 8101 3871 5684 4818 6707 5189 3324 5756 9294 4272 4867 1940 5932 7093 
9055 9742 9067 8840 9222 8571 2095 8896 1420 5043 2485 9533 5179 6708 6733 3718 5456 5507 3620 5506 8429 4472 2268 2878 5331 6522 6154 7501 4961 8123 8557 9422 7411 4607 2365 9981 2441 4740 3231 5140 
7423 9341 5500 6274 9628 5239 5447 8357 2697 4198 5285 4527 3216 6878 4798 1197 1777 2136 8961 2316 7413 7696 4012 4310 6950 2234 6175 3286 9278 5627 8915 8514 9629 3269 6307 3359 1246 1637 1515 8443 
4004 3905 7960 5019 7246 8349 7705 5144 3644 9204 1497 7379 2346 8980 1665 4758 2512 3308 3980 7992 7753 1918 7949 3291 6180 5413 9025 5618 5484 3242 9919 7478 7168 7510 4168 6944 2035 1615 2196 5555 
3869 3583 2295 6816 5034 6892 2939 3835 8560 1492 2839 8998 9303 2232 7358 8299 7752 6184 1274 8664 4500 7644 9741 1100 3943 1891 4944 2875 4244 5326 1861 5006 6230 3386 7292 8901 8425 8437 7508 8659 
9667 4826 3281 9918 2769 4769 3693 6469 6149 1543 7422 7843 7321 9353 8215 4385 5632 4529 1964 7892 9375 6465 7103 1988 9410 5884 5552 6688 4956 2581 1385 3695 5862 1118 9444 3933 1809 8624 5065 1439 
5868 8363 1371 2931 7024 1592 5387 8134 9556 9040 2275 3787 7180 5292 1656 3455 7693 1081 4905 5763 4946 8803 3638 9074 5896 3148 3362 7265 7242 1371 7371 2944 2954 6042 6148 3684 9552 6826 5663 5343 
5850 8407 3807 5499 8391 4198 1651 1462 8486 6627 3519 7568 1117 1041 5332 8607 7354 4610 2773 6783 4745 5260 3241 3908 7888 9543 6956 4949 6328 3613 6277 2135 7674 7469 6134 3456 4714 6058 1923 6775 
9383 9901 5751 2524 8409 4852 3202 4547 8665 3935 6911 3634 1559 9362 9406 8018 5510 7526 4512 5937 3132 7045 2134 2446 6800 6396 2077 2549 8431 3866 8047 2452 1228 4139 9659 5588 2183 8086 6960 3353 
6797 4957 9516 8198 7848 3102 9535 5835 8814 4299 6091 4910 7980 9858 9413 3435 6229 8012 6646 1366 6553 8180 9918 1559 1129 6644 1069 6507 2126 1641 5888 1512 8727 1718 9378 6406 2498 8126 6586 8501 
9674 7923 7578 8305 2216 4838 8527 5883 3643 4651 7680 5640 9783 2909 7283 7571 9092 7184 8290 4851 2151 4764 7004 7535 7536 1728 4234 4698 6030 2970 6067 5664 9858 2334 5072 3409 1722 2685 6249 4411 
5128 1960 3385 5018 7869 1741 3865 2261 5301 9701 5007 4472 5344 3764 7334 6736 9382 5296 4823 9160 5980 4740 1737 8399 3725 8279 5954 2199 2552 2124 7779 6892 3079 2687 8423 4449 1440 6783 1812 6698 
2609 3734 2113 5420 2427 7631 7689 8297 8453 3439 5911 4208 6416 8265 3276 5894 1735 3607 1395 1392 8997 5893 6490 4541 3384 1668 7685 2477 8013 6300 5651 1362 9948 7848 9236 3140 1695 7180 1617 7190 
8443 7624 3059 2807 7813 3113 2514 2829 1667 8382 8551 4907 3785 1323 7466 9880 9657 2969 8688 9094 1139 3220 9425 7219 5291 3758 1567 7171 3571 8262 6840 6185 1257 8622 2628 4635 9813 3336 4048 8033 
9389 8068 9861 2527 2757 5182 9956 7103 7708 4159 2404 7692 5542 1352 6534 8657 7485 5028 7633 1346 6155 4694 8560 4247 1468 2334 4147 3645 3187 4968 3002 9081 8843 9733 1941 8800 4387 6775 4200 4259 
8382 4796 9958 1728 2764 1653 8704 9432 7101 7999 4235 2815 1902 9011 1658 7733 6096 4278 3534 1128 6804 5350 9438 3969 3725 8958 2337 4851 8832 4606 3619 5475 5396 3997 2422 4951 5879 9806 9867 6418 
2526 6266 2508 9079 1695 5573 1432 8501 8635 1468 5692 8094 4784 1256 1986 4507 7381 9560 9697 6490 4243 2949 5342 3571 8604 3785 6958 6028 5854 3150 8543 6744 6420 6839 4386 3795 9033 6557 2677 7237 
8082 7100 7906 3474 1877 6840 7861 4968 8426 2561 1202 2681 4020 5185 9449 4092 4021 4607 4905 9986 6436 3964 8702 5836 3361 9822 2979 4483 1911 5014 4936 4507 9821 8030 7832 6857 4109 8421 7096 3780 
1278 1042 8400 1387 3313 7143 7775 7276 5113 2739 4483 2529 5011 7087 9796 4076 7947 3214 3328 3895 9979 9828 9807 5686 7465 7672 7627 3881 4401 3952 5824 4593 2881 8836 5522 5259 5004 4721 7904 7778 
2843 3955 2194 2098 7385 6983 2098 4317 7145 1703 8308 2946 7568 8922 6649 8398 3026 7638 2686 4312 5711 1122 4224 6069 7935 4806 9230 9206 2791 4092 2743 6744 2708 2454 9500 9316 7022 5050 3336 7778 
6782 9170 9527 1600 8671 4094 8071 5227 6279 9835 1816 4007 7877 3922 7469 7979 8059 9246 7301 7528 2519 2693 2434 7086 3820 7011 5628 7344 6400 1074 3779 3672 7915 3417 6101 7141 3940 8144 5317 4793 
4642 6933 8741 1774 9365 4689 9221 6429 2037 5095 4488 3205 2838 3211 5974 7628 7956 7241 7879 9965 7351 3897 8827 9581 6276 6637 8761 5146 1701 9072 6127 3985 3542 7076 7536 1509 6292 4652 7771 4312 