3291514627 3263616140 3363063691 3241872882 3150229312 3154355666 3184633245 3095001329 3045928163 2962111368 2671637585 3294768205 3411419480 2991108400 3466655701 3326261206 3231243833 3062782567 3021348118 3208598038 3407635851 3248413477 3179494476 3118567515 3265516122 3203265762 3254694450 3339914920 3205028500 2947222025 3239107352 3362684666 3307185367 3265542408 3311922434 3440099022 2919678916 3120212647 2986397344 3390590075 
3225126687 3148220567 3159752008 3085292115 3073752001 3103144663 3049832871 2977957625 2920694839 3040412265 2715996134 3028592030 3219352954 2992344753 3329179920 3278579221 3163407794 2886122769 3039094162 3316193113 3325287413 3029411790 3096212045 3098289918 3161343831 3209497902 3148610393 3225999548 3187101577 2910306550 3204843553 3250825845 3094989028 3219248532 3190080624 3175972939 2911496653 2874174543 2844645179 3277153861 
3312145671 3208376293 3321984871 3248582225 3090611865 3273523283 3107086715 3234940855 2990956176 3053363078 2797076373 3237794011 3331894418 3068006180 3400171422 3409146640 3296143337 3143632744 3026424391 3280927914 3350981195 3368564993 3294257635 3268867507 3309992329 3332340735 3229671195 3360951176 3366751869 3055869863 3290689577 3405767510 3294281895 3406382250 3361547481 3328149391 3010832810 3165887697 3001306250 3317407199 
3325122043 3156486762 3384070506 3174777615 3271415857 3184916246 3194098766 3193712872 3159930984 3215376849 2761938900 3228167714 3323006211 3126846815 3496976553 3478439612 3327709110 3057340134 3165094220 3257302176 3402487092 3342446022 3288390820 3261338274 3377354498 3412668148 3307563945 3497088206 3425163251 3000803416 3250276814 3476958163 3314640816 3327449485 3423772968 3418093436 3060390124 3153800179 3048837306 3490368056 
2999962742 2853510425 3052364824 2876369571 2975544408 2848486316 2810047582 2852624032 2793224113 2893943988 2494627234 2779487293 3005834957 2906069774 3163205529 3123219339 2956658946 2834441080 2825637834 3029171187 3044511839 2934870994 2986843385 2870230297 2891797124 2956218704 2953968890 2995478295 3032285134 2697541357 3050765092 3113028477 2832023720 2891564920 3048394814 3083655137 2676060398 2887606518 2747985555 3203581540 
3002453821 2785092136 2929640883 2795319950 2884120419 2772599425 2893064179 2723968876 2731358433 2729641986 2457905605 2745058586 2937616436 2754756973 3191723874 3086980970 2750132662 2652022617 2816631998 2878174237 2938239102 2833813366 2933872071 2705797396 2853258635 2905700230 2840583816 2985884517 3007282155 2672514378 2841903550 2953188052 2830839580 2861809287 3045689034 2884668405 2623556679 2657906703 2561350107 2980948984 
3233580558 3203207258 3241316839 3094619309 3274398076 3081751736 3147162519 3089711601 3018087957 3048270302 2793966243 3026758575 3156838914 3124324265 3436094478 3207193719 3143168034 2976512385 3122256446 3239446184 3340053887 3143581155 3168770400 3174388736 3300189947 3328354862 3205423352 3339507364 3283912510 2877346817 3268160831 3232737885 3099503502 3283573834 3145218344 3295320250 2935504563 3136978894 2878656481 3302816012 
3437240551 3277032057 3269855120 3244102485 3230428169 3219984023 3374740857 3201316083 3094944586 3089185834 2796965934 3212836319 3249331747 3173962935 3549359977 3307417558 3302165736 3038778534 3065095093 3270283012 3369534356 3295257631 3180981929 3210348075 3234516001 3218977309 3197980944 3202994650 3437416409 3057245028 3136778736 3441275032 3224439006 3351316479 3321450368 3305174605 2961545582 3140863440 3013178428 3351125530 
2982006571 2937469173 3024568214 2914783419 2915862400 2889427865 2955960567 2810086284 2672654487 2889574012 2564016968 2808268529 2957853429 2879271300 3146913992 2911535358 2939615321 2657984775 2832319661 2971552747 2980606285 2990970840 2808904807 2899591419 2953490036 2970707788 2811736149 3083739197 2998976637 2796390669 2853569274 3074536244 2844818052 3005472578 3006488362 2874603299 2709800446 2794753978 2806822846 3130338981 
3232378488 2951725012 3090050133 3089205727 3101563655 3071223782 3003753386 2992350324 2753675600 2808670499 2750613242 2946756254 2962945378 2931872707 3237376992 3210709342 2966328076 2853683850 2870122535 3065909450 3101209443 3075382943 3220309626 2902621422 3106043222 3111670832 3114574447 3104051386 3157573483 2817914676 3110272331 3345741708 3015365010 3060372313 3128058639 2992007643 2830654735 2898492972 2764360696 3178651127 
3201405596 3035354937 3115065519 2915308048 3158925342 2866601774 3023360439 2974142099 2787868637 3103188744 2644477768 2837011356 3053624357 3015938302 3221065253 3296858671 3100573803 2815829639 2839307021 3051710680 3189215868 3134601663 2987827266 2987641705 3013486141 3035582349 2996366414 3196511573 3275406174 2858057103 3038200098 3227151434 2939313283 3050485842 3042145552 3012796210 2859545335 2974829667 2888620438 3192912064 
3372847862 3358217855 3339884313 3310549087 3131880442 3266503101 3064516044 3145519209 3009703927 3112504071 2746653969 3242305014 3189566985 3159562305 3428466653 3353719619 3298933066 3072116697 3128014270 3346193703 3445592484 3171946973 3157479896 3290330878 3288484441 3349465352 3225728279 3326760905 3302800626 3048759738 3353943535 3441381797 3311045460 3289495788 3376858338 3353262305 2970980314 3102179506 3024264202 3386720265 
3328370873 3283276968 3315166931 3264567189 3284580514 3035329429 3201278412 3120973555 3023727999 3003734004 2782521391 3266340201 3311952236 3227661736 3580088230 3240060131 3321556012 3042462157 3102433746 3352241779 3433481267 3368546997 3158999645 3132479475 3276127701 3355885100 3161364337 3326142725 3398074250 3005138121 3242944457 3495995438 3135556800 3240544768 3328057156 3259032605 3088211800 3139727210 3091750679 3435070332 
2972377608 2880417002 3087102315 2945484476 2850017450 2839830848 2817748275 2862901678 2668317223 2696668654 2449109467 2754348304 2929021904 2812503680 3200001739 2892706519 2927708541 2709981643 2798609465 2981377178 3145513692 2920706652 3053006055 2847479861 2916716162 3045500462 2897069963 3016638687 3042031576 2656411348 2864597080 3120512422 2936138832 2918423833 3019366362 2943079467 2724297925 2782388716 2621782418 3004938771 
3102069623 3187340637 3250884316 3185977273 3102160578 3131769385 3089545143 2959183657 3038504674 2926873469 2623766852 3076494184 3193230909 2993623953 3343881719 3182176112 3168280015 2935743544 3151400877 3265803220 3242111310 3019619006 3147142381 3075752973 3130942568 3178354775 3128159498 3193460625 3193585199 2883445825 3121288840 3388316987 3131137382 3176684062 3144213487 3221013230 3004074135 2957451305 2918613038 3300058644 
2972887420 2960010441 3006563852 3006932098 3064003799 2952740467 2882498031 3004731520 2943929280 2836630237 2643845400 3031317298 3054833193 2896213021 3370282923 3192960698 3054463603 2801276234 2977366202 3061326485 3134821797 3029495434 3082834927 2994657280 3046836770 2992748048 3073455608 3137928342 3087787482 2827797031 3144815957 3135849949 2960039334 3000668172 3205453729 3046365367 2864215159 2938200416 2826909081 3264834851 
3074173084 3025826225 3099200576 2977698514 3005216280 2868658036 2914734216 2960566410 2736071846 2774888171 2598044439 2959555316 2946259846 2838369074 3201433327 3128275731 3003262783 2762595467 2818221357 3015755808 3082620582 3032580281 2988210175 2865073028 3125555322 3073665874 2903990154 3112386176 3121117843 2756085578 2997889206 3230969131 3112746471 2989331929 3000603693 3042404196 2805625070 2887928200 2778671314 3105723233 
2950260809 3058467182 3194359529 2957752229 3091843713 3019808151 3080204038 2943416260 2891819726 2913270419 2745886203 2956034857 3105161673 3011416158 3350240844 3162234027 3107895815 2786133282 3101170983 3139195366 3308479218 3088691804 2902211164 3020676223 3115794669 3070446782 3092485385 3185929542 3180848309 2798241939 3083422796 3102650871 2972187508 3160795001 3249192936 3089683826 2858318846 2929503532 2961064537 3178767069 
2981216739 2944292642 3177105929 3105959808 3016396531 3021911636 3085360380 2968741715 2804053537 2775545265 2580651775 3061858797 3256242854 2958935649 3278682338 3064596510 3071421872 2783276799 2933456607 3168038213 3174434657 3049522076 3164140993 2874887362 2989409354 3091469054 2964993967 2983785794 3090151851 2793984773 3098564564 3173104648 3073124974 3046703536 3228632984 2923363838 2838635343 2943492037 2792778178 3216796636 
3084611287 3069172341 3135513695 2956724011 2978801328 3060948310 3134837690 2990305851 2901594051 2868613453 2586419217 3001810016 3096531522 2991412763 3295140041 3105621681 2921813117 2782164567 2993477148 2978256024 3133420211 3061782512 3132821979 2925856233 2987388713 2950963757 2991609929 3118229776 3289580046 2779795364 3061720826 3214738915 3097658540 3005219413 3160674296 3115233588 2719340517 2854559301 2865236284 3131921513 
3203199249 3285600526 3314289484 3242492936 3123411528 3168311310 3150353399 3150470915 3020198903 3028210618 2763110495 3264619826 3226470979 3037699737 3501208798 3184652192 3326704751 2984967184 3191011059 3321856224 3520503784 3288943783 3259833164 3167174446 3153960699 3159017652 3208980911 3255903279 3344370371 2979332213 3143577462 3432150822 3071016548 3309517424 3325990430 3243327655 3038620139 2976634186 3024088077 3261013309 
3140444923 3081789488 3196568516 2991387442 3066642062 3062951788 3031997968 2988534150 2824343416 2885767336 2629959624 3035485883 3043111338 2921836292 3333694915 3081113221 3144386808 2890940198 2996938458 3070908502 3311547262 3121245128 2985823210 2935438302 3221696965 3075208298 3222079919 3141487759 3287744920 2855624291 3061004267 3296587925 3082035510 3264408990 3138001369 3148022196 2907210300 2897021015 2781627662 3163931116 
3199643675 3121483261 3292207659 3152078301 3071969665 3078529470 3126723607 3059961592 2946699712 3016960073 2775245372 3011625820 3155954754 3199836039 3518803116 3243605589 3037481114 2935142491 3143433569 3105087485 3225592816 3165982830 3274761013 3064743683 3216611469 3298721021 3039843866 3316896805 3346566525 3101596865 3161116859 3288461837 3117479298 3150415205 3268047788 3174900559 2971081912 2954110200 3009776378 3272194846 
3129593399 3036514460 3185398405 3012730459 3077320108 2969625109 3115416991 2983301041 2868032767 3022292639 2714809273 2988886043 3113445729 3075814793 3294938292 3102504061 3171772607 2959588721 3045558328 3170390626 3280466618 3054511087 3094501126 3017664891 3026612631 3093238716 3027347176 3123017990 3180358185 2822049329 3099083615 3119396681 3046406171 3096357528 3074645602 3074671699 2863030116 2906685775 3012688963 3166647838 
3131133947 3108157051 3196924803 2907709560 3017545992 3109952561 3043440889 3005160041 2911113683 2928092464 2614298545 2982672673 3084267698 2891074073 3262791754 3170315972 3152285696 2864660448 2959711244 3045432879 3132864133 3018554160 3152638737 3070814013 3127447511 3081845534 3128298703 3169008589 3192840511 2896562658 2965922161 3257968029 3170368561 3074409842 3029148329 3194522750 2802589382 2947420693 2861468268 3034306923 
3179595460 3118181042 3485467719 3121811954 3193708784 3172623468 3227583713 3150023786 2946760564 3036105564 2802649756 3139182650 3327733993 3223351760 3456169875 3296611594 3084917811 3022507157 3059999427 3089452414 3283758858 3213018101 3260729924 3186543960 3094369062 3273919162 3081141552 3271555521 3375754092 3072165241 3165273683 3300914928 3167927847 3284721001 3267260603 3197371892 2913790852 3073534207 3016949349 3341868837 
3101190966 3116770484 3393803097 2987500332 3107470159 3162598479 3056916559 3038652854 2878288579 3034275770 2581420144 3033101232 3080958821 2996025059 3350686053 3178610914 3148193299 2856440728 3107283952 3200634312 3294424486 3112581348 3076654955 3083977207 3112580476 3152534853 3156678477 3138549245 3271995736 2939454808 3284110876 3344713514 3107514822 3315564906 3156092267 3229758842 2836951532 2944373302 2917756525 3343878847 
3170783819 3075366846 3204734867 3088649763 2917079723 2993323494 3065625079 2927059189 2799362530 2940293620 2508844478 2964444568 3081758318 3002926940 3154108227 3152935229 3049093393 2857564073 2876869294 2957170250 3223861958 3131715920 3124041705 3021104540 3004799385 3105543443 3099359675 3043272658 3082977456 2848774609 2972930127 3328276511 3083280677 3234853999 3159993495 3175987275 2712643638 2950619182 2853963009 3169346686 
3116964098 3002296646 3083094316 2950239111 3014701920 2858962144 2941996363 2899171501 2785600843 2880374512 2671962660 2936827815 2971108526 2859634366 3216252888 3010619361 3048697098 2640709513 2930234470 3163407636 3127663272 3010730174 2962828254 2948594103 2965776598 3085567405 2942424810 3123422137 3113681930 2782982812 3083356546 3130083983 2961007446 3116037277 3058059767 2993890247 2804848560 2864995152 2743493866 3173747002 
3112940966 3000267692 3079422322 2904832230 2974489936 2889119941 2914620998 2997652182 2706108286 2851081669 2539923103 2892363571 3057915155 2758356424 3216157483 3084884576 2914877453 2716205016 2807702546 3069709878 3092281764 3041807741 2990649494 3049253939 3036287825 3031709289 2973519595 3076777179 3063505412 2934339430 3098872191 3111718022 2890299733 3057212511 3117046004 3012880210 2724871259 2881943596 2867394340 3089938286 
3134768780 3034716101 3042276594 3125961638 3009581421 3104980281 3213267998 3159562365 2939210590 2992695842 2558260577 2992353596 3025253549 2907417764 3286790300 3137900373 3061241412 2834286425 3045854041 3216585705 3147396410 3048578912 2962138171 2915406183 3085219034 3013845995 3099242457 3112346955 3258079127 2883800836 3103786098 3194749227 3062724472 3140333217 3095936325 3074764639 2833099058 2919205185 2824564430 3223316759 
3224822791 3077198394 3361941536 3056052716 3145923924 3015977752 3112624254 3062330252 2994411085 2988520044 2647534851 3076167845 3112674434 3139571350 3369965949 3308518109 3094687522 2815668687 3014870313 3065533812 3363695852 3092013734 3103113953 3083397519 3113368415 3153716882 3188418097 3295440280 3172646800 2918464656 3088074727 3306006478 3155823737 3126642962 3225255373 3227934718 2882938767 2974093419 2866172524 3291202236 
3340042717 3235942352 3249617430 3256678873 3281204583 3239030209 3272972880 3347206661 3068962650 3112937829 2896124165 3210083229 3441170894 3200929728 3324258601 3326714035 3171292577 3122502303 3087650693 3227365436 3400853703 3358877374 3376542819 3156884134 3284286560 3280767533 3348972661 3279138929 3473360731 3007586915 3363427946 3447962562 3272188184 3312921920 3457533454 3378876019 2998207130 3200316533 2964479962 3362745598 
2861423750 2955819707 3181106946 2986915616 2980773020 3004958647 2819945652 2876586344 2759766501 2702298180 2482997491 2895215153 2921567173 2946490894 3240772993 3012121612 2984901641 2735899277 2945799376 3047284319 3160371213 2956326379 2932226749 2805020966 2892313025 3085813622 2896982701 2927498417 2946272239 2833659486 2926729770 3101970009 2898212611 3100096660 3020337437 3000591602 2811703975 2753151976 2803638099 3075810200 
3119547428 3076051023 3146898368 3007074244 3169834505 3045549397 3047612420 3030999888 2879506803 3035155313 2640619741 3032509082 3129441372 2975402748 3400500700 3187577623 3115083927 2995186869 3138073089 3193976103 3275171549 3197825508 3032441205 3134861200 3132134006 3073107417 3092168304 3235291478 3246898617 2885132302 3188522752 3272482164 2952518465 3141625537 3258325405 3111052467 2805126842 2959501257 2926941396 3343870664 
3239192267 3078560022 3289490642 2967898597 3156301704 3095471970 3110049427 3099769488 2855303567 2878171558 2601147946 3060501774 3045802475 2907282698 3230021786 3241121447 3135280805 2913881398 2986361581 3098746339 3240528662 3050328702 3187773776 3005299749 3159556267 3194184920 3080781995 3180066164 3323368814 2880999142 3174076666 3267413766 3123722878 3234600467 3015463747 3171006035 2949571272 3043404721 2870478311 3198336177 
2928786982 2856889176 2996594056 2859652326 2890159120 2940500678 2964564704 2901525594 2593009279 2858858390 2402622150 2799357173 3145879008 2769792638 2992878048 2976110213 2798897848 2655789003 2876458791 3022032483 3034747848 2972795385 2901111245 2761339237 2822325959 2891368617 3010697784 2935281618 2962137355 2686472556 2990561768 3026782924 2940574248 2930750820 3005296287 3001129359 2729887194 2740094648 2711871638 3014829210 
2971149845 2930702745 3037426932 2924318450 2957353508 2969042035 2990485305 2866185133 2842572296 2913432773 2579970092 2999338772 2993438296 3047288829 3254407128 3004939126 2930908684 2765195335 2943413407 3149145953 3146602733 3019757662 2790957663 2954229706 3054932328 2974448906 3026374874 3056741340 3058378008 2760093419 3071563624 3127052114 2897587747 3014813784 3163739223 2963720210 2696858448 2703499096 2746735341 3058528780 
3262544777 3236858641 3424393741 3190814196 3298792555 3188445951 3227077610 3156142308 3110795128 3084013533 3012596668 3204451146 3241649444 3214414235 3569988490 3357687217 3311555746 3052297638 3184672531 3315264904 3527626587 3380218966 3348268184 3292242074 3352924470 3313653292 3291190848 3398180455 3396419524 3099421005 3279117881 3456836863 3282085740 3366808709 3519246883 3383945660 3137500088 3139902635 3204816962 3462270855 
3257566387 3212412404 3442172641 3260443493 3218310206 3314506060 3266987508 3120824103 3139698073 3137166246 2797410516 3234393331 3243866716 3216563635 3596656557 3383442635 3309683230 3070724067 3205443139 3340336187 3439917083 3271391750 3330197361 3217311695 3350920078 3418078352 3238170530 3430812161 3372585222 3092891898 3330384270 3516275315 3141138958 3338477048 3355982406 3309647445 3123053180 3088148401 3127593389 3395297957 
2974247237 2918043518 3060861454 2940613828 2938707268 3009426935 2977917056 2804569165 2826044710 2877905538 2624820470 2967420818 3051446001 2802857010 3334852039 3098314451 3024163951 2766306337 2857290259 3030572813 3027366366 3005615938 3128723624 2961782062 2938761482 2923381788 2918822522 3045950847 3094461729 2762165817 3082639938 3075235031 3031691311 2850631393 3213303150 2948122101 2653480617 2961615749 2853063190 3129888102 
3178325599 3234913705 3321876463 3056238379 3222540075 3223701448 3176691646 3148014242 2883027581 3061661674 2725693271 3188357503 3122013240 2936388404 3385809685 3351301778 3226148199 2901927699 3094701518 3213631579 3380273446 3262192842 3146592796 3222308943 3315668669 3202212093 3335170529 3403307096 3335940504 3015395114 3370683762 3463241611 3139469244 3343367623 3076442986 3280901412 3047327115 2982316222 2933773291 3309232669 
3169641310 3064306962 3233775037 2999960046 3319657027 3076723090 3147389072 3077245077 2823375091 3108956513 2663284915 3038715266 3100162995 3123045704 3464695160 3223354897 3034527843 2843613700 3127396256 3307404856 3336050499 3209508942 3080116311 3039160992 3212318993 3254795692 3293109825 3390664880 3279544023 3013980147 3191681729 3249439950 2980780725 3252823257 3190466724 3282406825 2977549185 3045388664 2889779389 3359802019 
3153042129 3013755829 3154111524 3158479312 2996682960 3037010041 3045967725 2980832374 3028389613 2955697050 2575905381 2911009024 3048595361 3218196077 3364132119 3206250052 3072643644 2920246772 2945300234 3116743627 3241647059 3044186191 3058389675 2993104579 3035176108 3242627846 3000373128 3028316567 3134518204 2900608616 2946759047 3266403624 3067741299 3100727258 3273436056 3083411502 2753500511 2992942944 2995955319 3219778333 
3109963919 3031022624 3197611245 3043775592 2987236391 3113403547 3021121845 3025986871 2915110587 2936012965 2598655087 3015232870 3102216368 2971722903 3237107085 3182701516 3152292374 2960720389 3093028130 3133054849 3276115279 3148712123 3088833035 3011627517 3164948191 3197190015 3061920078 3146606722 3144585896 2837151845 3102430697 3330273169 3054275643 3158361253 3249913239 3142759000 2756329204 2880453942 2922732408 3148371245 
3033066167 2999408365 3044869219 2948302591 3079354639 3008485076 2978220568 2981926046 2896790476 2885502560 2639393846 3033433655 3113072459 2990391545 3240337201 3160506330 2965752591 2731227649 2717421738 2955828068 3174185146 3164612550 3002726415 3066784721 3054856683 3150015443 3039270200 3127235281 3126899520 2936928269 3002191282 3218660962 3030214760 3006144819 3145500364 3113306045 2846965225 2944483922 2859233325 3185173036 
2918388365 3010854395 3115485743 3083294483 2990006099 3168771904 3091446559 2923655588 2987734553 3056820085 2571440849 3039626283 3221777409 3000137531 3278787723 3140074174 3098082841 2921736173 3087055793 3205192392 3171609577 3143987778 3169566832 3057452145 3188483272 3159898896 3120497572 3139851830 3239938021 2911809542 3145833577 3231588230 3083335245 3249099406 3330375993 3119010562 2915362969 2940486499 2897691921 3324112520 
3365947578 3176797750 3309863694 3242612921 3136439400 3104502061 3123165536 3107733672 2950293340 3109572412 2682686023 3104611358 3367850022 3089664791 3392170839 3399377694 3265162814 3093178065 3107572757 3285248331 3247169910 3202069060 3224957282 3207658584 3136546164 3150786323 3227720816 3390296398 3246516385 3016578585 3165974327 3443701807 3218496676 3251606001 3280005856 3277817109 2932406953 2925657840 3021142280 3398811099 
2908613871 2986670722 2989717981 2957762176 2870865537 2899672285 2781782219 2886533690 2685197995 2696761327 2527106471 2946042239 2954471485 2947234549 3206313675 2958648593 2832286519 2787047553 2895621822 3034256018 3173083838 2903793008 2999850832 2893797125 2956723467 3029868736 2923779022 3066307761 3017420788 2838925732 2915149516 3115201694 2848195292 3055761385 2986965679 3111531222 2660467813 2765268415 2627664797 3052773055 
2959526750 3035635561 3074179501 2976813015 2899545687 2896950310 2981989356 2952852963 2944013654 2939232522 2433299092 3021155388 2979512004 2922178770 3171500110 3046422690 2989220345 2793051010 2926803574 3011399856 3179045284 3116686602 2962903374 2998216055 3017088957 3093858492 2975109132 3060058537 3160198107 2806110774 3059593623 3102145316 3115630610 3045430708 3221800435 2920206285 2702917500 2809049595 2740546076 3026975027 
3386956081 3447102889 3518658225 3219700453 3396549831 3360896000 3293200222 3292326485 2978216936 3092684206 2824732454 3303672598 3287411527 3128402562 3620116097 3377635944 3313266964 2991883028 3181052435 3258125718 3485926412 3353481458 3387162128 3189180397 3365963166 3400914815 3237589450 3472728345 3410028676 3168446229 3323585195 3601823282 3344928943 3457504615 3406101365 3431401835 3131691959 3224673592 3115092253 3380077441 
2867573067 2882454842 2949972287 2844197245 3101643505 2790657966 2788038163 2829638165 2757685256 2828256405 2597075129 2755660414 2928611798 2775107419 3047723834 3000087157 2976072821 2795822532 2735579797 2945551132 2956163235 2953754156 2999552796 2974468208 2950754178 3029192545 2912954264 3133182950 3170353003 2698757455 2898822259 3073050447 2950236928 3029205318 2846595429 3042373756 2844024423 2932755892 2701793921 3166489975 
3139406770 3047702909 3161562811 2962592434 3008106999 2971212028 3066019590 2997000368 2732726701 2975556178 2628305237 2981570359 2939665467 2982250443 3249270628 3086418071 2869273169 2816024449 2820057725 3071920070 3228535011 3073711051 2979917834 2991165593 2997184166 3135052878 2975907869 3185643677 3162673337 2893209329 3035635777 3214092668 3040716133 3156577642 3181253692 2953110370 2742149514 2857943090 2797764088 3162998047 
3023990672 3028270589 3199015812 2959851009 3148028433 3014747244 3052867374 2989796373 2949279109 2907875004 2730533059 3127812861 3246094403 2959780131 3214216458 3148413010 3016587530 2822406748 3033833235 3093868392 3209020377 3040150529 3035425230 2992164663 2944053548 3022333012 3038480557 3217730093 3139664956 2695004114 3067658631 3155045461 3055427348 3165742553 3173728495 3079733773 2912622660 2892411677 2768569360 3242189304 
2827951630 2723302646 2934668541 2814855674 2781226730 2706417682 2851529326 2826700878 2672454583 2692118510 2491836900 2849810754 2983110475 2825335815 3125008744 2964569817 2931876125 2768152443 2763092376 2916691023 2954102696 2957138171 3021995092 2751146670 2890800019 2913519566 2807475300 2872016467 3003023104 2787057424 2883908143 2979311059 2903134939 2785915151 2943097239 2915394720 2612773297 2885445338 2681491413 2939124021 
3093482301 3044719394 3264460870 3069520262 3077093193 3066256152 3053240871 2927880290 2808633558 3069768375 2643459927 3012829835 3161069486 3015105045 3272922262 3175665390 3137569032 2880943014 2990651515 3136170405 3159622937 3110635908 3167807185 2970923518 3021641502 3076880283 2993021746 3144105496 3186753205 2895511411 3065392100 3254253296 3090689930 3027648217 3313812199 3100911239 2828149460 2928686227 2827776489 3116291861 
2877414192 2858922414 2980516103 2628640005 2768627884 2743415770 2759419327 2789363051 2593270983 2724895286 2393772123 2603237471 2718487145 2757106893 2902729174 2914724529 2779168083 2664236443 2557256611 2814004530 3059987045 2774934295 2809310390 2772310438 2710357043 2927724650 2941303381 2827101028 2795905725 2650611921 2755777037 2978290110 2730676263 3015102260 2908375774 2823677103 2558461299 2698129793 2583093667 2954461812 
3196970892 3044985344 3168473810 3097011136 3132538737 3129991177 3062280547 3162217932 2885835753 3078730220 2678631208 2947357539 3243859731 3085052555 3354122975 3312500221 3119011068 2991858904 3116117830 3246132886 3388758804 3123803840 3232170517 3181331362 3135336015 3268108078 3241676093 3221280607 3275748474 3016311923 3198715948 3377594328 3003384206 3244631097 3209086238 3252221209 2945845320 2930040428 2846149107 3321767892 
2957777001 3024297676 3036512690 2908985013 3093699170 2933755201 3027231147 2829821759 2722271900 2899367882 2602989520 2896072701 2969574371 2802930986 3122166534 3067837679 2923892862 2541823947 2859105999 2897947049 3031602272 2930878141 2964196277 3028793812 2899846913 2727605093 2873167716 3138303594 3064119644 2782284689 3036476194 3135405441 2914529322 2904136083 3042119914 2878719505 2813830006 2848240662 2829292901 3118320770 
3378468786 3211057811 3366404872 3186075551 3264056025 3347540987 3255282378 3248729064 3080819366 3166209135 2720103686 3077264280 3201294674 3170749517 3448740444 3322218365 3299368103 3087126745 3073680686 3351019142 3245556951 3205498335 3143376476 3356309265 3265456759 3306501548 3239816361 3377309834 3315134347 2929047973 3252865858 3513943461 3187249375 3317529081 3245814905 3404782126 2960187318 3085913222 3043399490 3391518611 
